2 0.6864182692307692 0.4897115384615385 0.0848076923076923 0.05302884615384615
2 0.7950240384615385 0.5014663461538462 0.12336538461538461 0.11067307692307692
2 0.6857451923076923 0.06475961538461539 0.08454326923076924 0.05978365384615385
6 0.6771634615384615 0.011682692307692309 0.05295673076923077 0.023341346153846157
6 0.7254086538461538 0.015865384615384615 0.05091346153846154 0.03173076923076923
2 0.7948798076923077 0.05521634615384615 0.12252403846153846 0.10324519230769232
2 0.7971153846153847 0.9400961538461539 0.1269951923076923 0.10377403846153846
2 0.6868990384615384 0.9508653846153846 0.08206730769230769 0.06278846153846154
6 0.6757692307692308 0.8897355769230769 0.05259615384615384 0.03670673076923077
6 0.729326923076923 0.8900961538461538 0.0659375 0.051826923076923076
6 0.7185817307692308 0.5298557692307692 0.03485576923076923 0.04766826923076923
6 0.6762980769230769 0.5521875 0.04644230769230769 0.02987980769230769
7 0.7536778846153845 0.6659375 0.14829326923076921 0.15158653846153847
7 0.7561538461538462 0.7743749999999999 0.16526442307692307 0.1473076923076923
8 0.6010336538461538 0.8583653846153846 0.2635817307692308 0.24771634615384613
8 0.6467788461538462 0.8579567307692308 0.4138221153846154 0.26824519230769234
8 0.6543269230769231 0.56625 0.3995673076923077 0.24307692307692308
8 0.5945913461538461 0.5715144230769231 0.26408653846153846 0.21353365384615383