2 0.5339423076923077 0.3009855769230769 0.09012019230769232 0.056490384615384616
2 0.7091346153846154 0.3180288461538462 0.11057692307692307 0.06927884615384615
2 0.3853605769230769 0.3404086538461539 0.10509615384615384 0.06372596153846154
2 0.9039663461538462 0.23908653846153843 0.19050480769230768 0.1308653846153846
7 0.3672596153846154 0.49810096153846156 0.1460576923076923 0.16343749999999999
7 0.5526442307692307 0.44730769230769235 0.12528846153846154 0.13740384615384615
7 0.7270673076923077 0.4616826923076923 0.1582451923076923 0.13524038461538462
7 0.8960817307692307 0.5058894230769231 0.2078125 0.23052884615384617
2 0.5328365384615384 0.045432692307692306 0.07882211538461538 0.05139423076923077
8 0.38276442307692304 0.013990384615384616 0.08086538461538462 0.027956730769230772
8 0.7109375 0.02699519230769231 0.09850961538461538 0.052259615384615384
8 0.9046875000000001 0.10358173076923077 0.19064903846153847 0.12649038461538462
6 0.70125 0.37629807692307693 0.05396634615384615 0.02973557692307692
6 0.5299759615384615 0.3587980769230769 0.04221153846153846 0.03247596153846154
6 0.4051201923076923 0.39709134615384617 0.04319711538461538 0.030096153846153845
6 0.8762259615384616 0.35812499999999997 0.10629807692307693 0.058629807692307696
8 0.9029567307692308 0.07992788461538461 0.19408653846153845 0.15985576923076922
8 0.534375 0.030841346153846153 0.09221153846153846 0.06165865384615384
8 0.716923076923077 0.47081730769230773 0.18603365384615383 0.38358173076923074
8 0.8462980769230769 0.4689903846153846 0.30740384615384614 0.5963221153846153
8 0.8591826923076924 0.9013461538461538 0.28165865384615385 0.19728365384615382
8 0.5218990384615385 0.4826682692307692 0.22524038461538462 0.4244471153846154
8 0.37790865384615385 0.5180288461538461 0.18790865384615385 0.4230769230769231