2 0.108125 0.4009638554216868 0.07019230769230769 0.0663855421686747
5 0.3205528846153846 0.6298072289156627 0.11444711538461538 0.058265060240963853
5 0.4174038461538461 0.5482168674698795 0.11923076923076924 0.07404819277108433
5 0.6630048076923077 0.44602409638554213 0.11254807692307692 0.11749397590361445
5 0.625985576923077 0.13821686746987952 0.07966346153846154 0.049253012048192775
5 0.4718269230769231 0.16759036144578313 0.06326923076923077 0.0391566265060241
5 0.31206730769230767 0.22679518072289157 0.03564903846153846 0.019855421686746987
6 0.10439903846153846 0.45373493975903617 0.03581730769230769 0.029686746987951807
1 0.19247596153846153 0.6604578313253011 0.036875 0.05069879518072289
6 0.30990384615384614 0.2523614457831325 0.021009615384615384 0.015879518072289156
6 0.46641826923076923 0.22036144578313255 0.03528846153846154 0.03108433734939759
6 0.6322836538461538 0.2010602409638554 0.04764423076923077 0.0372289156626506
6 0.6997115384615384 0.5231566265060241 0.062307692307692314 0.04460240963855422
6 0.4177644230769231 0.6463855421686747 0.06504807692307692 0.03289156626506024
7 0.19502403846153846 0.5097831325301205 0.13466346153846154 0.12802409638554219
7 0.2800480769230769 0.8333734939759037 0.30814903846153846 0.31737349397590364
7 0.44483173076923077 0.6959759036144578 0.12259615384615384 0.18368674698795182
7 0.7753365384615385 0.5884096385542169 0.26165865384615383 0.26118072289156624
7 0.6443509615384616 0.3040722891566265 0.1603605769230769 0.16053012048192772
7 0.47384615384615386 0.32163855421686743 0.10853365384615385 0.18546987951807228
7 0.31971153846153844 0.2939518072289157 0.06810096153846154 0.0612289156626506
8 0.31449519230769235 0.3431084337349397 0.09201923076923077 0.2593734939759036
8 0.16918269230769228 0.5343855421686747 0.18942307692307692 0.33556626506024095
8 0.33887019230769233 0.7994939759036145 0.4395432692307692 0.40103614457831327
8 0.45908653846153846 0.7064819277108434 0.23694711538461538 0.42848192771084337
8 0.7601201923076922 0.651879518072289 0.3925961538461538 0.5326746987951807
8 0.47497596153846156 0.35293975903614455 0.15884615384615383 0.42019277108433734
8 0.6496634615384616 0.3288433734939759 0.20603365384615382 0.44426506024096385