8 0.9690624999999999 0.6273734939759037 0.061875 0.745277108433735
8 0.965625 0.10775903614457831 0.06872596153846154 0.21551807228915662
8 0.5538221153846153 0.11255421686746989 0.29591346153846154 0.2250843373493976
8 0.4234375 0.11486746987951808 0.22747596153846153 0.22626506024096388
8 0.06387019230769231 0.10110843373493976 0.12771634615384617 0.19874698795180723
8 0.09507211538461538 0.5161927710843374 0.19014423076923076 0.5607951807228916
8 0.08209134615384615 0.8975903614457831 0.1641826923076923 0.20481927710843373
8 0.44122596153846155 0.48248192771084336 0.23216346153846154 0.5208915662650602
8 0.54875 0.5622409638554218 0.2926923076923077 0.6976385542168674
1 0.3627163461538461 0.49985542168674696 0.04764423076923077 0.07718072289156627
7 0.061875 0.5039518072289156 0.12375 0.45713253012048194
7 0.05870192307692308 0.09575903614457831 0.11740384615384616 0.1743132530120482
7 0.9707932692307693 0.07385542168674698 0.058437499999999996 0.14773493975903615
7 0.9733653846153847 0.3743855421686747 0.053293269230769234 0.1807710843373494
11 0.5405528846153846 0.3883132530120482 0.23509615384615384 0.25339759036144577
11 0.40057692307692305 0.37990361445783133 0.10966346153846153 0.2262409638554217
11 0.4054567307692307 0.08313253012048193 0.10223557692307693 0.16628915662650604
11 0.5454086538461538 0.0873012048192771 0.22072115384615382 0.16771084337349396
2 0.626826923076923 0.18443373493975906 0.11572115384615385 0.06248192771084337
2 0.4767548076923077 0.182 0.11435096153846154 0.07139759036144579
2 0.48050480769230763 0.2535421686746988 0.11841346153846154 0.08021686746987952
2 0.6229326923076923 0.2566024096385542 0.1216826923076923 0.07949397590361447