6 0.8501510416666667 0.5933437744714174 0.024864583333333336 0.01989036805011746
4 0.5693854166666666 0.2029522317932655 0.08572916666666666 0.11223962411902898
4 0.2541875 0.2578230227094753 0.101171875 0.12019577133907597
5 0.2680208333333333 0.15674236491777604 0.10019270833333334 0.0628974158183242
5 0.5418802083333334 0.07937353171495692 0.13228645833333333 0.06869224745497259
5 0.8328125 0.5675411119812059 0.029255208333333334 0.023093187157400157
7 0.5284270833333333 0.5959906029757244 0.2590208333333333 0.5576820673453406
7 0.20175 0.5967267032106499 0.29317187499999997 0.519992169146437
7 0.8382395833333334 0.7037039937353171 0.07395833333333333 0.16230227094753327
8 0.8582447916666667 0.7681675802662491 0.11397395833333333 0.4321769772905247
8 0.5336875 0.519577133907596 0.4414166666666667 0.9608457321848082
8 0.18265104166666665 0.5548159749412686 0.3653020833333333 0.8903680501174628