2 0.39166666666666666 0.319109375 0.07366666666666667 0.044421875
2 0.6385208333333333 0.32459375 0.0861875 0.04903125
2 0.2794166666666667 0.30681250000000004 0.03239583333333333 0.0191875
2 0.34260416666666665 0.31696875 0.041625 0.01878125
2 0.1421875 0.32940625 0.03429166666666667 0.0195625
2 0.0903125 0.301375 0.03175 0.019265625
2 0.12833333333333333 0.3130625 0.03272916666666667 0.015609375
2 0.32489583333333333 0.301015625 0.025791666666666668 0.014296875
6 0.15020833333333333 0.345203125 0.00975 0.007703125
4 0.27547916666666666 0.323 0.015104166666666667 0.011375
6 0.33956250000000004 0.33765625 0.011854166666666667 0.01184375
6 0.4078333333333333 0.36007812499999997 0.03620833333333333 0.020624999999999998
6 0.6397916666666668 0.36425 0.03702083333333333 0.019375
11 0.6518958333333333 0.44632812499999996 0.11891666666666666 0.157078125
11 0.3762708333333334 0.4526875 0.14295833333333335 0.17099999999999999
11 0.28670833333333334 0.348203125 0.040791666666666664 0.056984375
11 0.11122916666666667 0.33976562499999996 0.027979166666666666 0.020890625
11 0.07702083333333333 0.3586875 0.04566666666666667 0.067140625
7 0.12579166666666666 0.384125 0.052270833333333336 0.07353125
7 0.3182916666666667 0.342546875 0.019020833333333334 0.032468750000000005
7 0.33522916666666663 0.37301562499999996 0.057666666666666665 0.06453125
8 0.08220833333333334 0.3835625 0.0580625 0.182984375
8 0.12145833333333332 0.39071875 0.051625000000000004 0.17085937499999998
8 0.13029166666666667 0.405671875 0.056479166666666664 0.175515625
8 0.2767916666666667 0.37960937499999997 0.07225 0.17028125
8 0.32356250000000003 0.380671875 0.0471875 0.173609375
8 0.3374583333333333 0.34376562499999996 0.04772916666666667 0.07095312499999999
8 0.3688125 0.52525 0.17004166666666667 0.45915625000000004
8 0.6651041666666667 0.502875 0.1549375 0.403578125