8 0.13238 0.590960960960961 0.13684000000000002 0.8180480480480481
8 0.05446 0.5848048048048048 0.10890000000000001 0.8304204204204203
8 0.33574 0.6157057057057057 0.16240000000000002 0.7685885885885886
8 0.51064 0.6130630630630631 0.18746000000000002 0.7739039039039038
8 0.69868 0.5848048048048048 0.15178 0.8304204204204203
8 0.82452 0.6148348348348348 0.14465999999999998 0.7703603603603603
6 0.7999400000000001 0.34630630630630627 0.0437 0.03900900900900901
6 0.65366 0.31255255255255254 0.028820000000000002 0.05984984984984985
6 0.50808 0.3530930930930931 0.048240000000000005 0.04552552552552552
6 0.34434 0.33897897897897894 0.047799999999999995 0.04552552552552552
6 0.18080000000000002 0.3130630630630631 0.040740000000000005 0.043183183183183184
6 0.08014 0.31447447447447446 0.04412 0.07072072072072072
5 0.06414 0.2164264264264264 0.08506 0.0724924924924925
5 0.14665999999999998 0.221021021021021 0.0901 0.0745945945945946
5 0.34382 0.25423423423423425 0.05854 0.04564564564564565
5 0.50744 0.2568168168168168 0.07284 0.057867867867867864
5 0.6878 0.20744744744744745 0.0809 0.07567567567567568
5 0.81002 0.2602702702702703 0.0733 0.05774774774774775
7 0.813 0.5433333333333333 0.09570000000000001 0.34474474474474476
7 0.7050599999999999 0.553963963963964 0.11512 0.43663663663663665
7 0.50396 0.5542342342342342 0.1435 0.35948948948948944
7 0.33777999999999997 0.5069969969969971 0.1147 0.2827027027027027
7 0.1364 0.5205105105105106 0.12134 0.36624624624624624
7 0.04056 0.5681981981981982 0.08112 0.5110810810810811