2 0.5614600000000001 0.6174038461538461 0.1621 0.20560897435897438
6 0.53738 0.7706410256410257 0.0295 0.049102564102564104
2 0.17830000000000001 0.8161858974358974 0.16688 0.2114102564102564
2 0.73434 0.4201602564102564 0.1323 0.16009615384615386
1 0.66386 0.5379807692307692 0.04022 0.09307692307692307
1 0.48356 0.8333653846153846 0.05966 0.06416666666666666
1 0.45033999999999996 0.8418589743589744 0.04208 0.07403846153846154
1 0.28792 0.8796153846153846 0.03726 0.09608974358974359
1 0.26422 0.8395192307692307 0.04096 0.0871474358974359
7 0.1948 0.9772115384615384 0.19766 0.04557692307692308
7 0.58658 0.8961858974358975 0.18568 0.20762820512820512
7 0.75726 0.7750961538461539 0.21592 0.44977564102564105
8 0.7497 0.6700641025641025 0.2697 0.6599038461538461
8 0.55028 0.7573076923076923 0.26418 0.48538461538461536
8 0.2145 0.8534615384615384 0.29486 0.29307692307692307