2 0.4406666666666667 0.5614166666666667 0.1494047619047619 0.07228333333333332
2 0.4191666666666667 0.38305 0.11357142857142857 0.08418333333333333
2 0.2152857142857143 0.4058833333333333 0.062142857142857146 0.028416666666666666
6 0.42630952380952386 0.40923333333333334 0.041357142857142856 0.028483333333333333
6 0.4670714285714285 0.6187333333333334 0.027642857142857143 0.0308
7 0.2005952380952381 0.4703666666666667 0.06135714285714285 0.06741666666666667
7 0.3439761904761905 0.49156666666666665 0.19095238095238096 0.1798
7 0.3990952380952381 0.7199 0.21071428571428572 0.19645
8 0.2103095238095238 0.4552 0.07602380952380952 0.12371666666666667
8 0.36814285714285716 0.5068666666666667 0.22026190476190477 0.3403833333333333
8 0.4422857142857143 0.7343166666666666 0.3256904761904762 0.4019666666666667