7 0.7034 0.040419161676646706 0.12358 0.0808682634730539
7 0.72236 0.1581437125748503 0.16384 0.2423053892215569
7 0.1911 0.19622754491017966 0.17896 0.3818862275449102
7 0.28534 0.09281437125748503 0.08276 0.12925149700598804
7 0.03538 0.4576047904191617 0.07076 0.4185329341317365
2 0.07048 0.10718562874251496 0.14096 0.21434131736526948
2 0.60224 0.09179640718562875 0.08596 0.15895209580838324
2 0.95708 0.015688622754491018 0.04976 0.031377245508982035
6 0.98772 0.049820359281437125 0.024 0.03272455089820359
6 0.63202 0.1774550898203593 0.0232 0.030838323353293416
6 0.27098 0.03682634730538922 0.03756 0.04197604790419161
6 0.04324 0.24616766467065868 0.04796 0.06260479041916167
1 0.11844 0.8373652694610778 0.08776 0.11080838323353293
1 0.33606 0.12766467065868264 0.01948 0.07218562874251497
1 0.37326 0.1532934131736527 0.08684 0.1023053892215569
1 0.60362 0.2645508982035928 0.02522 0.05359281437125748
1 0.64764 0.43649700598802393 0.026199999999999998 0.05931137724550898
1 0.9708 0.22464071856287426 0.0584 0.05829341317365269
1 0.98198 0.4616467065868263 0.03604 0.09907185628742517
7 0.99198 0.2441317365269461 0.01604 0.3015568862275449
8 0.9282999999999999 0.3882934131736527 0.1434 0.7765868263473054
8 0.71448 0.052514970059880234 0.18574000000000002 0.10505988023952097
8 0.6794 0.35946107784431136 0.245 0.7048502994011976
8 0.2693 0.4491317365269461 0.3683 0.8982634730538922
8 0.08064 0.5 0.15808000000000003 1