2 0.5153 0.24512605042016808 0.16263999999999998 0.1634733893557423
0 0.90522 0.2994957983193277 0.18954 0.5954621848739496
5 0.35686 0.4785994397759104 0.00974 0.008263305322128852
5 0.30732 0.46574229691876756 0.01108 0.011092436974789916
5 0.29546 0.47809523809523813 0.0086 0.008403361344537815
7 0.35802 0.514985994397759 0.01776 0.03299719887955182
7 0.31312 0.49910364145658265 0.012060000000000001 0.030980392156862747
7 0.29336 0.5101960784313725 0.01908 0.03142857142857143
8 0.29454 0.5329691876750701 0.027960000000000002 0.12156862745098039
8 0.31104000000000004 0.49019607843137253 0.02016 0.060056022408963586
8 0.3373 0.5021568627450981 0.02534 0.07022408963585434
7 0.33896 0.5021288515406163 0.01968 0.03700280112044818
7 0.35806 0.5264705882352941 0.02278 0.10739495798319329
11 0.48266000000000003 0.7028851540616247 0.28192 0.5899159663865546
6 0.51628 0.40515406162464984 0.09165999999999999 0.08554621848739495
8 0.5795 0.5787955182072829 0.48807999999999996 0.842436974789916