2 0.6992222222222222 0.21043333333333333 0.2818 0.2454
2 0.4760888888888889 0.3157666666666667 0.1442888888888889 0.16133333333333333
2 0.18942222222222221 0.36010000000000003 0.1277111111111111 0.1167
6 0.20402222222222222 0.4865 0.08202222222222222 0.06773333333333334
6 0.45797777777777776 0.4727333333333333 0.09168888888888889 0.0788
6 0.7053333333333333 0.5415 0.1676888888888889 0.14616666666666667
7 0.8253555555555556 0.8070333333333334 0.3492888888888889 0.3859666666666667
7 0.4590666666666667 0.7772 0.2202 0.4456
7 0.22286666666666669 0.6934666666666667 0.17353333333333334 0.33076666666666665
8 0.21382222222222222 0.6517666666666667 0.28173333333333334 0.6965
8 0.44324444444444444 0.6184333333333334 0.26337777777777777 0.7631666666666667
8 0.7820888888888888 0.5421 0.4358222222222222 0.9158000000000001