2 0.3443833333333333 0.222775 0.11409166666666666 0.1026875
1 0.17215 0.7196750000000001 0.13629166666666667 0.100075
1 0.10404166666666666 0.7113124999999999 0.07387500000000001 0.0797625
1 0.30693333333333334 0.8426 0.05109166666666667 0.07805
1 0.2843 0.8793500000000001 0.0582 0.0837125
1 0.6698583333333333 0.7440125000000001 0.08885 0.113025
11 0.8871249999999999 0.573475 0.22574999999999998 0.429075
11 0.6190583333333334 0.5997 0.18248333333333333 0.38511249999999997
11 0.4011 0.5739625 0.263225 0.4443625
1 0.5430666666666666 0.6542 0.013825 0.0405375
2 0.6021500000000001 0.27344999999999997 0.08676666666666667 0.09332499999999999
2 0.8656916666666666 0.19242499999999998 0.10193333333333333 0.1098625
6 0.8662833333333333 0.3306 0.0674 0.05405
6 0.5985416666666666 0.3792375 0.0486 0.051325
6 0.3451916666666667 0.3514 0.06570833333333333 0.05995
8 0.37251666666666666 0.583925 0.298925 0.8321375000000001
8 0.639725 0.6107125 0.2190416666666667 0.778575
8 0.8704583333333333 0.5678625 0.25908333333333333 0.8642875