1 0.335140625 0.5798125 0.091203125 0.0901875
1 0.3644453125 0.64046875 0.0899140625 0.09691666666666668
1 0.49456249999999996 0.5915208333333334 0.1261953125 0.18304166666666666
1 0.781359375 0.7854270833333333 0.0487421875 0.08473958333333333
6 0.9248593749999999 0.4771770833333333 0.075328125 0.11755208333333332
6 0.3385078125 0.41596875 0.0718828125 0.06457291666666667
6 0.21754687499999997 0.37771875 0.085171875 0.12696875
2 0.1765390625 0.17750000000000002 0.24534375000000003 0.25778125
2 0.3498046875 0.29928125 0.12313281250000001 0.13328125
2 0.9156015625 0.3173125 0.1687890625 0.22142708333333333
7 0.930578125 0.75 0.13884375 0.5
7 0.32703906250000003 0.6481979166666666 0.197390625 0.45264583333333336
7 0.13025 0.57834375 0.2308984375 0.4101458333333333
7 0.0605234375 0.7265625 0.121046875 0.546875
8 0.183640625 0.7274270833333334 0.3672890625 0.5451354166666668
8 0.2844296875 0.4760520833333333 0.5418671875000001 0.8653125
8 0.31637499999999996 0.6163229166666666 0.25939843749999997 0.7673645833333332
8 0.875890625 0.6015625 0.24821875000000002 0.796875