4 0.67165625 0.4556269592476489 0.10635416666666667 0.11336990595611285
4 0.3465729166666666 0.2652664576802508 0.12747916666666667 0.16479623824451411
5 0.34819791666666666 0.09583072100313479 0.1399895833333333 0.13942006269592477
5 0.6141562500000001 0.17131661442006269 0.07698958333333333 0.0535423197492163
5 0.9487083333333334 0.0641692789968652 0.10258333333333333 0.08655172413793104
6 0.95590625 0.21166144200626957 0.06372916666666667 0.0715203761755486
6 0.5840208333333333 0.26004702194357365 0.039875 0.03943573667711599
6 0.5071249999999999 0.49630094043887146 0.06895833333333333 0.06956112852664577
5 0.4975520833333333 0.3063479623824451 0.16786458333333334 0.1250626959247649
5 0.6509791666666668 0.28156739811912224 0.11592708333333333 0.12426332288401254
7 0.4546145833333333 0.7542633228840125 0.26486458333333335 0.4914733542319749
7 0.2947604166666667 0.598025078369906 0.25069791666666663 0.7258150470219435
7 0.6716354166666666 0.7525235109717868 0.22437500000000002 0.4949529780564263
7 0.9220833333333334 0.4732758620689655 0.15582291666666667 0.4937460815047022
8 0.88446875 0.509576802507837 0.23105208333333332 0.980846394984326
8 0.6097812499999999 0.22465517241379312 0.09371875 0.1636990595611285
8 0.694875 0.6088401253918495 0.33334375 0.7823040752351097
8 0.49322916666666666 0.600141065830721 0.38837499999999997 0.7997178683385581
8 0.26339583333333333 0.5121943573667711 0.3315 0.9756112852664578