8 0.13046000000000002 0.288125 0.033659999999999995 0.06949999999999999
8 0.23474 0.29118750000000004 0.03612 0.06740625
6 0.24330000000000002 0.27999999999999997 0.01322 0.015187500000000001
6 0.13332 0.27868750000000003 0.019379999999999998 0.016625
5 0.12668000000000001 0.2568125 0.02174 0.01228125
5 0.2419 0.263625 0.01912 0.0136875
7 0.23824 0.30753125 0.02572 0.030843749999999996
7 0.12994 0.3031875 0.02826 0.031625
5 0.9922000000000001 0.3324375 0.015619999999999998 0.018375
5 0.86118 0.33137500000000003 0.0054 0.0049375
5 0.8442000000000001 0.331625 0.00618 0.0075
5 0.6659400000000001 0.34209375 0.01048 0.022625
5 0.6564800000000001 0.37959375 0.01634 0.01940625
6 0.65818 0.35040625 0.010539999999999999 0.0195
6 0.66116 0.38965625 0.00664 0.0078125
7 0.99302 0.39318749999999997 0.013980000000000001 0.0763125
7 0.8613 0.3525625 0.01154 0.02790625
7 0.84508 0.35175 0.0119 0.0251875
7 0.6542 0.41096875 0.02228 0.037093749999999995
7 0.63388 0.353375 0.03932 0.05715625
8 0.63832 0.40456250000000005 0.06392 0.16668750000000002
8 0.65604 0.4286875 0.033159999999999995 0.11965624999999999
8 0.8444400000000001 0.3473125 0.0165 0.039875
8 0.86082 0.3491875 0.01452 0.04159375
8 0.99022 0.41937499999999994 0.019559999999999998 0.1943125