15 0.06867187500000001 0.6030277777777778 0.137359375 0.23383333333333337
15 0.22949999999999998 0.10505555555555555 0.17024999999999998 0.21008333333333332
15 0.59646875 0.46013888888888893 0.50909375 0.9202777777777779
11 0.6074375 0.5007222222222222 0.019171874999999998 0.033166666666666664
11 0.8130000000000001 0.45475000000000004 0.018437500000000002 0.03847222222222222
11 0.7141875 0.10855555555555554 0.017249999999999998 0.036555555555555556
7 0.7180156249999999 0.30697222222222226 0.01825 0.034555555555555555
2 0.718140625 0.2763333333333333 0.012875000000000001 0.022916666666666665
2 0.8179062500000001 0.41591666666666666 0.012171875 0.0195
8 0.715234375 0.12786111111111112 0.0298125 0.12505555555555556
8 0.718265625 0.31858333333333333 0.035046875 0.1116111111111111
8 0.8136093750000001 0.4831388888888889 0.030625000000000003 0.15097222222222223
8 0.610375 0.49347222222222226 0.027859375 0.0545