10 0.49028571428571427 0.39788194444444447 0.1805142857142857 0.2054513888888889
10 0.19217142857142858 0.6474305555555556 0.3614857142857143 0.42680555555555555
10 0.8749714285714286 0.20878472222222222 0.047085714285714286 0.05642361111111111
10 0.8269142857142857 0.22267361111111109 0.04234285714285714 0.05642361111111111
10 0.7552 0.2329513888888889 0.05902857142857143 0.08392361111111112
10 0.7154285714285714 0.2455208333333333 0.07091428571428572 0.08826388888888889
10 0.6771428571428572 0.2657638888888889 0.09714285714285714 0.09402777777777777
10 0.6221714285714286 0.3145486111111111 0.14714285714285713 0.13600694444444444
8 0.4507428571428571 0.14 0.04228571428571429 0.05777777777777778
7 0.4558285714285714 0.13881944444444444 0.02954285714285714 0.024201388888888887
10 0.9168571428571428 0.19111111111111112 0.04302857142857143 0.035
10 0.9494285714285715 0.18788194444444445 0.028114285714285713 0.03892361111111112
10 0.9745142857142857 0.18614583333333334 0.03257142857142857 0.03892361111111112