10 0.019848958333333333 0.5406111111111112 0.039697916666666666 0.1256574074074074
10 0.18322916666666667 0.4633611111111111 0.03416145833333333 0.07672222222222222
10 0.22399479166666666 0.412962962962963 0.01778645833333333 0.046296296296296294
10 0.17802083333333335 0.3800277777777778 0.013333333333333334 0.039685185185185184
10 0.22563541666666667 0.3838611111111111 0.014812500000000001 0.03438888888888889
10 0.79996875 0.60225 0.06972916666666666 0.16931481481481483
10 0.6699270833333333 0.47182407407407406 0.0325625 0.08994444444444445
10 0.5882395833333334 0.41229629629629627 0.024395833333333335 0.06349074074074074
10 0.5206875 0.38716666666666666 0.018458333333333334 0.05026851851851852
10 0.476796875 0.3734166666666667 0.014005208333333333 0.044972222222222226
10 0.41579166666666667 0.36283333333333334 0.01699479166666667 0.042324074074074076
10 0.3323177083333333 0.359787037037037 0.012552083333333333 0.03438888888888889
10 0.25307291666666665 0.36157407407407405 0.010317708333333333 0.032407407407407406
10 0.18016145833333336 0.36574074074074076 0.011364583333333334 0.037037037037037035
10 0.07470833333333333 0.38687962962962963 0.012963541666666667 0.047842592592592596
22 0.136734375 0.29757407407407405 0.08911458333333333 0.08403703703703704
22 0.260390625 0.2985 0.13668229166666668 0.09700925925925925
19 0.47361458333333334 0.2892037037037037 0.11729687500000001 0.09322222222222223
8 0.5508854166666667 0.8870370370370371 0.29266666666666663 0.22592592592592592
1 0.6497135416666667 0.8824074074074074 0.077828125 0.2351851851851852
1 0.43521354166666665 0.9148148148148149 0.080078125 0.17037037037037037
23 0.5 0.7518518518518519 1 0.4962962962962963
5 0.12404166666666666 0.2615 0.009010416666666667 0.008749999999999999
6 0.12589583333333335 0.27225925925925926 0.004697916666666666 0.008907407407407407
7 0.12680208333333334 0.2910462962962963 0.013442708333333333 0.030185185185185186
8 0.125796875 0.3123148148148148 0.018927083333333334 0.11038888888888888