10 0.03672916666666667 0.9170185185185186 0.07033333333333333 0.16550925925925927
10 0.9186458333333333 0.5819444444444445 0.041453125 0.11574074074074074
10 0.6658333333333334 0.4601851851851852 0.03895833333333333 0.07592592592592592
10 0.50071875 0.40478703703703706 0.01914583333333333 0.050305555555555555
10 0.36286979166666666 0.3983981481481481 0.018442708333333332 0.03384259259259259
10 0.23503125 0.4243240740740741 0.015895833333333335 0.03384259259259259
10 0.16409895833333332 0.4426388888888889 0.011536458333333333 0.029712962962962965
10 0.15904166666666666 0.43060185185185185 0.008708333333333334 0.029712962962962965
10 0.22534895833333335 0.39682407407407405 0.007989583333333333 0.025138888888888888
10 0.27514062499999997 0.3716111111111111 0.008619791666666666 0.022851851851851852
10 0.121140625 0.5978333333333333 0.030828124999999998 0.08455555555555555
10 0.08203645833333333 0.537675925925926 0.015119791666666667 0.05312962962962963
10 0.030145833333333334 0.529962962962963 0.010286458333333333 0.037703703703703705
10 0.018239583333333333 0.5150648148148148 0.008354166666666666 0.031990740740740736
10 0.05614583333333333 0.47887962962962966 0.007078125 0.02627777777777778
10 0.08053125 0.4439814814814815 0.004807291666666667 0.026851851851851852
10 0.08574999999999999 0.4396388888888889 0.004833333333333333 0.027425925925925927
10 0.06331250000000001 0.44889814814814816 0.005796875000000001 0.027425925925925927
10 0.05665625 0.44896296296296295 0.0070625 0.025712962962962962
10 0.09368749999999999 0.4503148148148148 0.006119791666666667 0.022851851851851852
10 0.3085625 0.35234259259259254 0.009166666666666667 0.019490740740740743
10 0.29272916666666665 0.3465740740740741 0.004416666666666667 0.015685185185185187
7 0.8047604166666668 0.2857962962962963 0.007640625 0.019120370370370367
8 0.803484375 0.2931388888888889 0.012026041666666666 0.05386111111111111
23 0.5472708333333334 0.7342592592592593 0.5041927083333333 0.5314814814814814
22 0.2872864583333333 0.32340740740740737 0.027973958333333333 0.0357037037037037