10 0.01806770833333333 0.47398148148148145 0.005927083333333334 0.020194444444444442
10 0.022838541666666667 0.47278703703703706 0.005052083333333333 0.0215
10 0.04114583333333333 0.4621111111111111 0.004171875 0.02051851851851852
10 0.045859375 0.4585 0.005260416666666667 0.020694444444444446
10 0.00821875 0.5480185185185186 0.010182291666666668 0.029361111111111112
10 0.067234375 0.5432037037037036 0.016765625 0.04566666666666667
10 0.11905208333333334 0.580462962962963 0.029770833333333333 0.07574074074074073
10 0.08461458333333334 0.8343055555555555 0.057770833333333334 0.14083333333333334
10 0.12303645833333333 0.4440277777777778 0.008572916666666668 0.02323148148148148
10 0.131640625 0.45237962962962963 0.010151041666666666 0.02884259259259259
10 0.20188020833333334 0.42968518518518517 0.013130208333333334 0.02973148148148148
10 0.3251822916666667 0.39909259259259255 0.01390625 0.03708333333333333
10 0.4504739583333333 0.39414814814814814 0.016572916666666666 0.045703703703703705
10 0.5980052083333334 0.42520370370370375 0.03143229166666667 0.06707407407407408
10 0.8178385416666667 0.5013796296296297 0.032552083333333336 0.08794444444444445
10 0.18290625 0.4075648148148148 0.007479166666666666 0.020675925925925924
23 0.5443333333333332 0.7324074074074074 0.5024895833333333 0.5351851851851852
10 0.23043229166666668 0.3809814814814815 0.007848958333333333 0.016953703703703703
10 0.26036458333333334 0.3617592592592592 0.006817708333333334 0.015546296296296296
7 0.7436145833333333 0.27128703703703705 0.006161458333333333 0.021212962962962965
8 0.7437239583333334 0.283287037037037 0.011192708333333332 0.059444444444444446
22 0.23619270833333333 0.33744444444444444 0.025015625 0.036000000000000004