10 0.8394140625000001 0.49886111111111114 0.030390624999999998 0.09216666666666666
10 0.67759375 0.3412777777777778 0.0208046875 0.05476388888888889
10 0.2348125 0.5708749999999999 0.0446328125 0.13343055555555555
10 0.409109375 0.34370833333333334 0.0244765625 0.045763888888888896
10 0.44753906250000003 0.30315277777777777 0.010703124999999999 0.050749999999999997
23 0.5600234375 0.7440416666666667 0.6013671875 0.5119027777777778
10 0.5548203125 0.26863888888888887 0.0083828125 0.025361111111111112
10 0.3646875 0.27779166666666666 0.0053359375 0.023847222222222225
10 0.356296875 0.2779722222222222 0.008984375 0.011958333333333333
10 0.4199140625 0.258 0.006015625 0.013694444444444443
10 0.4685859375 0.2503611111111111 0.00440625 0.014611111111111111
10 0.48285156249999994 0.26384722222222223 0.00428125 0.018444444444444444
10 0.48978124999999995 0.26543055555555556 0.0103359375 0.012361111111111111
10 0.49548437500000003 0.2796666666666667 0.00871875 0.019972222222222225
10 0.518578125 0.25340277777777775 0.0044765625000000005 0.013222222222222222
10 0.52265625 0.2485138888888889 0.0024296875 0.009833333333333333
10 0.5763359375 0.2489722222222222 0.0028203125 0.009708333333333334
10 0.5873046875 0.2533472222222222 0.0037109375 0.010972222222222223
10 0.623828125 0.25487499999999996 0.003453125 0.014013888888888888
10 0.6352265625 0.26968055555555553 0.005218749999999999 0.020125
10 0.7064375 0.2773611111111111 0.004 0.01625
10 0.66684375 0.3050138888888889 0.0083359375 0.027763888888888887
10 0.749 0.30504166666666666 0.01040625 0.03102777777777778
10 0.7851484375 0.2902777777777778 0.005765625 0.021805555555555554
10 0.811546875 0.27845833333333336 0.0032812500000000003 0.013097222222222222
10 0.8794453125 0.31369444444444444 0.0050625 0.021625000000000002
10 0.8514609375 0.3328611111111111 0.010390625 0.028972222222222222
10 0.9498671875 0.3634305555555556 0.0155078125 0.034555555555555555
10 0.9879843749999999 0.35220833333333335 0.010007812500000001 0.02706944444444444