10 0.0248203125 0.6836805555555555 0.049640625 0.18404166666666666
10 0.2811640625 0.3287777777777778 0.015453125000000002 0.03809722222222222
10 0.2205546875 0.42830555555555555 0.031742187500000005 0.07329166666666667
10 0.47097656250000003 0.32233333333333336 0.0153828125 0.036333333333333336
10 0.572359375 0.3815138888888889 0.024406249999999997 0.06026388888888889
10 0.7941328125 0.5650416666666667 0.061703125000000004 0.12731944444444446
10 0.28889062499999996 0.2997222222222222 0.01059375 0.021666666666666667
23 0.4746328125 0.7688472222222222 0.7006875 0.4623055555555556
10 0.7190000000000001 0.28620833333333334 0.011859375 0.03248611111111111
10 0.57696875 0.26579166666666665 0.006109375 0.024638888888888887
10 0.514515625 0.2575972222222222 0.0062109375 0.016930555555555556
10 0.48069531249999997 0.2532638888888889 0.004 0.01173611111111111
10 0.42727343749999996 0.29566666666666663 0.010437499999999999 0.028819444444444446
10 0.41671874999999997 0.2775972222222222 0.0049609375 0.018736111111111113
10 0.43307812500000004 0.2687777777777778 0.0054531250000000005 0.020194444444444442
10 0.403140625 0.2818333333333333 0.0070859375 0.022
10 0.352015625 0.2645972222222222 0.0044531250000000005 0.017041666666666667
10 0.34625 0.269625 0.004640625000000001 0.016680555555555556
10 0.31363281249999997 0.2761527777777778 0.004828125 0.01584722222222222
10 0.1155234375 0.2805 0.00803125 0.021069444444444443
10 0.04265625 0.2756527777777778 0.0087890625 0.020041666666666666
10 0.0384609375 0.28477777777777774 0.0082109375 0.017472222222222222
10 0.1355078125 0.27431944444444445 0.0040546875 0.013930555555555555
10 0.1792421875 0.26776388888888886 0.004609375000000001 0.016416666666666666
10 0.175875 0.2734722222222222 0.0056953125 0.013958333333333335
10 0.20521093750000002 0.2774861111111111 0.0057734375 0.01852777777777778
10 0.25491406250000004 0.2729722222222222 0.0055625 0.014708333333333334