10 0.9208645833333333 0.4920648148148148 0.05109895833333333 0.1322777777777778
10 0.49628645833333335 0.46799074074074076 0.041526041666666666 0.08598148148148148
10 0.2954947916666667 0.45542592592592596 0.032651041666666665 0.0793611111111111
10 0.132046875 0.45 0.029713541666666666 0.06481481481481481
10 0.03584895833333333 0.43730555555555556 0.023781249999999997 0.054231481481481485
10 0.03834375 0.4109537037037037 0.0173125 0.047842592592592596
10 0.10595833333333333 0.3907407407407407 0.012958333333333332 0.046296296296296294
10 0.229203125 0.37006481481481485 0.014661458333333332 0.04012037037037037
10 0.34751041666666665 0.3611111111111111 0.013765625 0.037037037037037035
10 0.4887239583333333 0.3529351851851852 0.012864583333333334 0.03549074074074074
10 0.5996510416666666 0.3441388888888889 0.012838541666666667 0.03086111111111111
10 0.7018072916666667 0.34228703703703706 0.011947916666666667 0.03086111111111111
10 0.7690729166666667 0.3359537037037037 0.0110625 0.029324074074074075
10 0.797109375 0.3330277777777778 0.011927083333333333 0.03086111111111111
10 0.7797968750000001 0.32839814814814816 0.010635416666666668 0.03086111111111111
10 0.08408333333333333 0.37083333333333335 0.012963541666666667 0.032407407407407406
10 0.21341145833333333 0.3587962962962963 0.011197916666666667 0.032407407407407406
10 0.4629479166666667 0.34228703703703706 0.010270833333333333 0.03086111111111111
10 0.56753125 0.3376574074074074 0.011109375 0.03086111111111111
10 0.6493854166666666 0.3367314814814815 0.010223958333333333 0.03086111111111111
17 0.9489427083333334 0.27988888888888885 0.102109375 0.08137962962962964
23 0.5 0.7527777777777778 1 0.49444444444444446