0 0.271875 0.30833333333333335 0.19375 0.15
17 0.44506249999999997 0.3614583333333333 0.061578125 0.026500000000000003
10 0.5229375 0.37602083333333336 0.007515625 0.0139375
10 0.536453125 0.3770208333333333 0.008875 0.014437499999999999
10 0.5527656249999999 0.37770833333333337 0.00803125 0.014333333333333333
10 0.567734375 0.37864583333333335 0.007828125 0.017708333333333333
10 0.578734375 0.37933333333333336 0.0075 0.0190625
10 0.58784375 0.37937499999999996 0.008984375 0.017687500000000002
20 0.725203125 0.3429375 0.09509375 0.07127083333333334
17 0.61290625 0.37385416666666665 0.035671875 0.0245
24 0.6308906249999999 0.45197916666666665 0.10735937499999999 0.101875
18 0.709 0.1709375 0.195484375 0.035333333333333335