0 0.346875 0.5318532818532818 0.1125 0.1138996138996139
24 0.550859375 0.5884362934362934 0.08703125 0.09316602316602317
24 0.665359375 0.5517374517374518 0.044078125 0.08552123552123551
14 0.8336874999999999 0.5152895752895753 0.005734375 0.019942084942084944
14 0.77159375 0.4823359073359073 0.004875 0.021853281853281854
17 0.9901562500000001 0.5960231660231661 0.0196875 0.039362934362934365
16 0.945296875 0.5694015444015443 0.06259375 0.04673745173745174
17 0.64784375 0.49963320463320465 0.022578124999999998 0.028262548262548263
17 0.708703125 0.49555984555984556 0.026890625 0.027432432432432433
17 0.7398125 0.5044401544401544 0.017328125 0.017027027027027027
20 0.831078125 0.49252895752895753 0.051203125 0.02555984555984556
9 0.7530625 0.526023166023166 0.02946875 0.03306949806949807