0 0.6796875 0.48333333333333334 0.6375 0.6541666666666667
13 0.065546875 0.5811875000000001 0.127515625 0.41583333333333333
5 0.391203125 0.15427083333333333 0.023625 0.02033333333333333
5 0.3465 0.3139791666666667 0.035796875 0.058520833333333334
5 0.5555 0.37583333333333335 0.03453125 0.022500000000000003
5 0.6226406250000001 0.6216458333333333 0.051625 0.03147916666666666
6 0.551453125 0.40114583333333337 0.018609375 0.014104166666666666
6 0.619328125 0.6681666666666667 0.014046875 0.016895833333333332
7 0.65759375 0.7072916666666667 0.061078125000000004 0.09512499999999999
7 0.563734375 0.46060416666666665 0.038296875 0.09020833333333332
7 0.38578125 0.22774999999999998 0.0435 0.10364583333333334
7 0.33103125 0.3828958333333333 0.06593750000000001 0.152375
8 0.320171875 0.46849999999999997 0.158796875 0.36985416666666665
8 0.392953125 0.2849791666666667 0.078671875 0.2829375
8 0.5503750000000001 0.511875 0.12267187500000001 0.29920833333333335
8 0.621 0.7317916666666666 0.156296875 0.2529166666666667