0 0.5557647058823529 0.45757812500000006 0.5811764705882353 0.309375
2 0.45943529411764705 0.705671875 0.06934117647058824 0.029140624999999996
2 0.5106588235294117 0.688421875 0.04508235294117647 0.0246875
6 0.5142352941176471 0.71040625 0.032329411764705884 0.00975
6 0.4766823529411765 0.72834375 0.0224 0.011984375
11 0.5187764705882353 0.761640625 0.07581176470588236 0.078578125
11 0.4403764705882353 0.7818125 0.10545882352941177 0.10207812499999999
1 0.4875294117647059 0.827796875 0.033247058823529414 0.031796875
8 0.46329411764705886 0.8141718750000001 0.14945882352941178 0.246125
8 0.5502117647058824 0.79065625 0.15858823529411767 0.232765625
2 0.4592941176470588 0.5638124999999999 0.007835294117647058 0.003578125
11 0.45915294117647054 0.572640625 0.013929411764705883 0.011296875000000001
8 0.45731764705882355 0.576 0.01884705882352941 0.029359375
2 0.46329411764705886 0.58815625 0.008682352941176471 0.003484375
11 0.45948235294117645 0.5977812499999999 0.014588235294117647 0.012796875
8 0.46150588235294115 0.601046875 0.019364705882352944 0.03021875