0 0.6625 0.6822916666666666 0.6 0.4270833333333333
1 0.166390625 0.56475 0.0109375 0.020895833333333332
1 0.12115625000000001 0.6202083333333334 0.014218749999999999 0.0156875
11 0.138625 0.5599791666666667 0.0324375 0.07235416666666666
5 0.136484375 0.49912500000000004 0.015875 0.014645833333333334
6 0.13753125 0.5196875 0.013765625 0.009083333333333334
8 0.141328125 0.5937291666666666 0.06348437500000001 0.20531249999999998
14 0.311265625 0.4380625 0.01496875 0.036833333333333336
5 0.839703125 0.5520625 0.030578125 0.023770833333333335
6 0.84096875 0.577375 0.016328125 0.011875
7 0.856296875 0.6139375 0.039203125 0.08054166666666666
1 0.8148593749999999 0.6514583333333334 0.0188125 0.017208333333333332
8 0.8282812500000001 0.6341249999999999 0.095890625 0.19087500000000002