0 0.296875 0.4025157232704403 0.540625 0.6750524109014675
10 0.169734375 0.6762893081761006 0.0609375 0.14710691823899372
10 0.2899375 0.7018658280922432 0.0763125 0.18777777777777777
10 0.5505625000000001 0.7250733752620545 0.0975625 0.23423480083857443
2 0.899609375 0.3227044025157233 0.050328125 0.049098532494758915
2 0.780171875 0.3683228511530398 0.03365625 0.02851153039832285
2 0.655046875 0.39373165618448636 0.036875000000000005 0.03974842767295598
5 0.30634375 0.3111740041928721 0.026968750000000003 0.019056603773584906
5 0.10889062499999999 0.49834381551362683 0.015765625 0.01368972746331237
5 0.05240625 0.5028511530398323 0.017374999999999998 0.01570230607966457
5 0.020171875 0.5022851153039832 0.0119375 0.009937106918238995
7 0.023046875 0.5341509433962264 0.024640625 0.04568134171907757
7 0.10493749999999999 0.5318658280922431 0.011328125 0.02949685534591195
8 0.022359375 0.5510482180293501 0.0319375 0.10744234800838574
8 0.052734375 0.5082180293501048 0.01803125 0.028763102725366876
8 0.10990625000000001 0.5210691823899372 0.01953125 0.059140461215932916
11 0.302453125 0.3714255765199161 0.057390624999999994 0.07431865828092243
11 0.9116093749999999 0.4554507337526205 0.07953125 0.1538784067085954
11 0.79121875 0.470041928721174 0.060953125 0.12014675052410902
11 0.6444062500000001 0.48880503144654086 0.07290624999999999 0.1320335429769392
6 0.6535 0.4236058700209644 0.0164375 0.02262054507337526
6 0.78415625 0.3983018867924529 0.022515625 0.020209643605870024
6 0.884828125 0.35991614255765203 0.017265625 0.023333333333333334
6 0.309078125 0.3388888888888889 0.018562500000000003 0.018553459119496855
8 0.30146875 0.35429769392033544 0.0849375 0.1029350104821803
8 0.651484375 0.54937106918239 0.08878125 0.35335429769392035
8 0.7875156249999999 0.5234171907756813 0.112578125 0.3410482180293501
8 0.899375 0.5334381551362684 0.141859375 0.479895178197065
1 0.957234375 0.5252830188679245 0.01971875 0.025660377358490565