0 0.35125 0.6566666666666666 0.0325 0.06
0 0.19963750000000002 0.8664999999999999 0.0848125 0.06966666666666667
10 0.0989 0.7588166666666667 0.005 0.018766666666666668
10 0.11118750000000001 0.7569666666666667 0.0045625 0.01838333333333333
10 0.1687125 0.7721 0.00545 0.016416666666666666
10 0.2956375 0.7144166666666666 0.005124999999999999 0.014400000000000001
10 0.2854625 0.7902166666666667 0.0047875 0.020433333333333335
10 0.2654375 0.8098833333333334 0.005562500000000001 0.0253
10 0.2727625 0.7345166666666666 0.0043875 0.0146
8 0.9065000000000001 0.7063333333333334 0.00685 0.017116666666666665
2 0.747875 0.7451166666666666 0.003475 0.0031000000000000003
11 0.7483 0.75325 0.0043375 0.008849999999999998
8 0.7478 0.75705 0.0055375 0.026983333333333335
2 0.6835875 0.8357666666666667 0.0043 0.004866666666666667
8 0.6823250000000001 0.8507666666666667 0.0079125 0.03486666666666667
10 0.0960625 0.7363 0.00775 0.0229
11 0.2126125 0.7946166666666666 0.005775 0.009683333333333332
11 0.23342500000000002 0.7873833333333333 0.0061625 0.012216666666666667
11 0.249025 0.7810666666666667 0.0049125 0.0101
11 0.2549625 0.7817500000000001 0.005825 0.013216666666666666
2 0.21275 0.7834 0.0042875000000000005 0.004216666666666666
2 0.23416250000000002 0.7767333333333334 0.004125 0.004333333333333333
8 0.21286249999999998 0.7991833333333334 0.0124 0.03521666666666667
8 0.2336875 0.7910333333333334 0.00755 0.03235
8 0.24822500000000003 0.7864333333333333 0.008125 0.03133333333333333
8 0.254775 0.7877333333333333 0.0076500000000000005 0.03278333333333334
11 0.439475 0.9555333333333335 0.010362499999999998 0.025683333333333332
8 0.43799999999999994 0.9640166666666666 0.0196875 0.04908333333333333
2 0.5535 0.8836333333333333 0.0064 0.005849999999999999
2 0.5273 0.88795 0.0044375 0.00455
11 0.526775 0.8988833333333334 0.00645 0.010633333333333333
11 0.55345 0.8955833333333334 0.0080625 0.012216666666666667
8 0.55315 0.89105 0.0092125 0.021866666666666666
8 0.5271625 0.8962333333333333 0.008562499999999999 0.02055
8 0.3328875 0.7426333333333333 0.00815 0.02445
2 0.3945625 0.7060833333333333 0.00345 0.0028166666666666665
8 0.39445 0.7134 0.0080375 0.018033333333333335
10 0.3038 0.725 0.0056875 0.011983333333333334
10 0.261125 0.7203 0.003225 0.015466666666666665
11 0.3049 0.6900666666666667 0.00525 0.007616666666666667
8 0.3044 0.6935833333333333 0.0073375 0.019316666666666666
13 0.79495 0.6308833333333332 0.0129875 0.01265
11 0.6487625 0.74975 0.0070125000000000005 0.0106
8 0.6480625000000001 0.7573166666666666 0.010862499999999999 0.03568333333333333
11 0.588475 0.76835 0.0057374999999999995 0.010966666666666666
8 0.588025 0.7732333333333333 0.00835 0.02716666666666667
3 0.7429250000000001 0.8409666666666666 0.02035 0.038650000000000004
24 0.2840875 0.6752333333333334 0.018887499999999998 0.03526666666666667
20 0.306175 0.6516833333333333 0.022725 0.019133333333333336
20 0.326725 0.6692 0.02565 0.022016666666666667
11 0.5181 0.7697833333333334 0.0039625 0.008100000000000001
8 0.5175 0.77115 0.00605 0.0184