0 0.8415394242803504 0.19793621013133209 0.25406758448060074 0.2945590994371482
0 0.23160200250312893 0.4570168855534709 0.15755944931163954 0.16692307692307692
0 0.7690863579474343 0.4709193245778612 0.34918648310387984 0.3227016885553471
0 0.4336670838548185 0.5206378986866792 0.2715894868585732 0.19324577861163228
0 0.520575719649562 0.30626641651031894 0.06949937421777222 0.2345028142589118
11 0.4862202753441802 0.4580675422138837 0.011088861076345432 0.02227016885553471
8 0.4846558197747184 0.4572232645403377 0.014217772215269086 0.02729831144465291
2 0.48093867334167706 0.44840525328330205 0.004993742177722153 0.008292682926829269
2 0.5846808510638298 0.6301313320825516 0.010438047559449312 0.012607879924953096
6 0.585982478097622 0.6406378986866791 0.006182728410513142 0.007448405253283302
11 0.5907634543178973 0.6491369606003753 0.019036295369211514 0.022476547842401502
8 0.5907634543178973 0.641125703564728 0.020826032540675846 0.03457786116322702
11 0.8264080100125156 0.5165666041275797 0.013842302878598249 0.018649155722326453
2 0.8228785982478097 0.5013320825515947 0.007672090112640801 0.006941838649155723
8 0.820938673341677 0.5239399624765478 0.024342928660826033 0.054840525328330204
2 0.7153566958698374 0.11125703564727954 0.00539424280350438 0.00675422138836773
11 0.7210888610763454 0.12043151969981238 0.008798498122653316 0.015722326454033774
11 0.8837797246558198 0.23649155722326454 0.01683354192740926 0.022701688555347092
2 0.88180225281602 0.21681050656660414 0.009299123904881102 0.010131332082551596
8 0.883078848560701 0.23317073170731709 0.01809762202753442 0.04555347091932458
8 0.7191239048811015 0.11833020637898686 0.012027534418022527 0.02356472795497186
9 0.7529411764705882 0.7006191369606004 0.16994993742177722 0.15360225140712946
9 0.6458322903629536 0.7022701688555347 0.07643304130162704 0.12206378986866792
17 0.5822653316645807 0.7350281425891182 0.15937421777221528 0.15407129455909946
9 0.5140801001251565 0.662251407129456 0.08290362953692114 0.03932457786116323
17 0.4623153942428035 0.7282926829268292 0.1349061326658323 0.1526454033771107
17 0.35643304130162706 0.7361350844277674 0.12072590738423028 0.11876172607879924
22 0.29010012515644557 0.6895121951219512 0.15613266583229035 0.15549718574108817
17 0.17224030037546934 0.7564727954971857 0.1295869837296621 0.12324577861163226
13 0.12448060075093867 0.6927204502814259 0.24897371714643304 0.1659099437148218
13 0.5546057571964956 0.605515947467167 0.24798498122653315 0.11080675422138837
2 0.38355444305381725 0.4194559099437148 0.005607008760951189 0.00701688555347092
2 0.39285356695869833 0.41846153846153844 0.005782227784730914 0.005741088180112571
2 0.3762828535669587 0.41757973733583487 0.006658322903629537 0.006097560975609756
2 0.3609261576971214 0.4327392120075047 0.006170212765957446 0.007392120075046904
11 0.36143929912390493 0.44257035647279547 0.011439299123904881 0.010787992495309569
11 0.3754443053817272 0.43247654784240147 0.011113892365456821 0.018911819887429644
11 0.38312891113892367 0.42855534709193244 0.003804755944931164 0.00823639774859287
11 0.39285356695869833 0.4272420262664165 0.008610763454317898 0.009136960600375235
8 0.3923153942428035 0.4241463414634146 0.009887359198998748 0.017110694183864916
8 0.38342928660826037 0.4243151969981238 0.006295369211514393 0.0174671669793621
8 0.374793491864831 0.42874296435272047 0.011214017521902379 0.029118198874296435
8 0.36141426783479347 0.4393808630393996 0.011864831038798498 0.022082551594746716