0 0.2883625 0.4502636534839925 0.576725 0.6853860640301318
13 0.950775 0.3986629001883239 0.09845000000000001 0.7493785310734463
2 0.886175 0.5190583804143126 0.0397125 0.034858757062146896
2 0.22547499999999998 0.5508662900188324 0.0273875 0.026591337099811676
2 0.4961875 0.5447269303201506 0.039275000000000004 0.038267419962335215
2 0.5346 0.5366478342749529 0.027450000000000002 0.032372881355932207
2 0.57015 0.5082674199623352 0.039474999999999996 0.04067796610169492
2 0.6707375 0.5340489642184557 0.024725 0.030621468926553676
2 0.6891875000000001 0.4994915254237288 0.027549999999999998 0.03141242937853107
2 0.734525 0.5680790960451977 0.029575 0.023333333333333334
6 0.8955375 0.555894538606403 0.017525 0.019529190207156308
6 0.582175 0.5422975517890771 0.011237500000000001 0.012862523540489642
6 0.5301125 0.5666666666666667 0.016225 0.017099811676082863
6 0.5036625 0.5845574387947269 0.0178625 0.01864406779661017
4 0.228225 0.5802636534839924 0.01925 0.01689265536723164
11 0.223275 0.6438983050847458 0.0479875 0.10306967984934086
11 0.47026249999999997 0.6419585687382298 0.062424999999999994 0.13683615819209038
11 0.5271875 0.6211111111111112 0.042175000000000004 0.10883239171374764
11 0.572325 0.6101318267419963 0.059725 0.11770244821092278
11 0.653625 0.6617325800376648 0.026875 0.07369114877589454
11 0.685875 0.6128625235404896 0.0527375 0.14028248587570621
11 0.73765 0.6522975517890772 0.035825 0.13011299435028248
11 0.8766625 0.6266101694915255 0.057025 0.14041431261770246
1 0.518525 0.6991902071563089 0.018025 0.02192090395480226
1 0.4621375 0.7129566854990583 0.025699999999999997 0.028870056497175143
8 0.8703 0.6845951035781543 0.07385 0.3727683615819209
8 0.736 0.6881167608286252 0.043899999999999995 0.2702448210922787
8 0.6928624999999999 0.6776271186440678 0.0780625 0.3930885122410546
8 0.660475 0.6816572504708097 0.056487499999999996 0.32581920903954803
8 0.5752875000000001 0.6790207156308852 0.0701875 0.3855932203389831
8 0.525775 0.6922598870056497 0.043899999999999995 0.3504708097928437
8 0.4774625 0.7079661016949153 0.0813625 0.36472693032015063
8 0.2347875 0.6817702448210923 0.0801 0.29521657250470806