0 0.72900390625 0.5395314787701317 0.3466796875 0.4407027818448023
0 0.18603515625 0.6852122986822841 0.1611328125 0.3806734992679356
18 0.69732421875 0.16389458272327964 0.084716796875 0.08767203513909225
20 0.55736328125 0.1982576866764275 0.095810546875 0.024612005856515372
9 0.23697265625 0.19060029282576868 0.069287109375 0.025431918008784773
9 0.102841796875 0.1862371888726208 0.072509765625 0.025490483162518302
20 0.289794921875 0.5384040995607614 0.037236328125 0.046061493411420205
21 0.441748046875 0.4709224011713031 0.034501953125 0.05001464128843338
21 0.320673828125 0.5128404099560762 0.10974609375 0.06080527086383602
20 0.290556640625 0.615900439238653 0.068056640625 0.06489019033674963
2 0.25892578125 0.5931771595900439 0.007734375 0.007730600292825769
11 0.259091796875 0.6074524158125915 0.00806640625 0.015783308931185944
8 0.258828125 0.6033089311859444 0.009482421875 0.02945827232796486
2 0.615263671875 0.7018301610541728 0.00947265625 0.00834553440702782
11 0.621826171875 0.7297071742313324 0.014775390625 0.03481698389458272
1 0.60728515625 0.7434114202049781 0.00423828125 0.00951683748169839
8 0.616123046875 0.7487994143484626 0.0258203125 0.10228404099560762
2 0.407041015625 0.6468814055636896 0.007470703125 0.0067935578330893115
7 0.4116015625 0.6668521229868228 0.010341796875 0.027701317715959007
8 0.41171875 0.6827525622254759 0.0144921875 0.08146412884333822
8 0.3982421875 0.6816105417276721 0.01486328125 0.08357247437774525
8 0.46556640625 0.7828257686676426 0.0255078125 0.10445095168374817
8 0.4369921875 0.7882723279648609 0.02890625 0.10509516837481699
8 0.41796875 0.7863396778916545 0.0191796875 0.11001464128843338
8 0.400322265625 0.7828550512445096 0.02587890625 0.10890190336749633
8 0.412470703125 0.7229721815519766 0.01111328125 0.015490483162518302
8 0.39064453125 0.7120497803806735 0.0153125 0.03317715959004392
2 0.390234375 0.7020937042459736 0.0125390625 0.013250366032210836
11 0.39244140625 0.7188433382137629 0.0101171875 0.014553440702781844
2 0.375849609375 0.6997950219619327 0.00916015625 0.01013177159590044
11 0.375400390625 0.7272327964860907 0.015087890625 0.04156661786237189
8 0.374677734375 0.722913616398243 0.015595703125 0.06077598828696925
2 0.386220703125 0.7277159590043923 0.011337890625 0.013265007320644217
11 0.3813671875 0.754597364568082 0.015302734375 0.03480234260614934
8 0.380361328125 0.7799267935578331 0.021240234375 0.11768667642752562
11 0.401884765625 0.7609077598828697 0.025087890625 0.04013177159590044
11 0.418818359375 0.762532942898975 0.01892578125 0.04191800878477306
11 0.436787109375 0.7696778916544657 0.029462890625 0.041551976573938505
11 0.46548828125 0.7662225475841875 0.027294921875 0.03755490483162518
2 0.462451171875 0.7363689604685212 0.010478515625 0.01300146412884334
2 0.43962890625 0.7414641288433382 0.01072265625 0.011478770131771596
2 0.414599609375 0.7311566617862372 0.00853515625 0.009912152269399706
2 0.398740234375 0.7335578330893119 0.010009765625 0.011771595900439238
2 0.39689453125 0.6449048316251831 0.009248046875 0.00869692532942899
2 0.3673828125 0.6505417276720351 0.010771484375 0.009721815519765739
2 0.3591015625 0.6436310395314788 0.008857421875 0.01054172767203514
2 0.329248046875 0.6919619326500732 0.0087109375 0.010571010248901903
2 0.358046875 0.6966325036603221 0.0111328125 0.011918008784773062
2 0.34408203125 0.7287408491947291 0.011044921875 0.013850658857979503
2 0.33298828125 0.7353001464128843 0.010341796875 0.01232796486090776
2 0.28875 0.7128550512445095 0.01169921875 0.012825768667642751
2 0.25275390625 0.7546852122986824 0.0080859375 0.015944363103953148
10 0.3034375 0.696896046852123 0.008857421875 0.02774524158125915
8 0.166689453125 0.8379648609077599 0.02150390625 0.028799414348462667
11 0.257783203125 0.7833089311859444 0.019111328125 0.03953147877013177
8 0.268466796875 0.7963689604685211 0.041455078125 0.10370424597364568
8 0.289541015625 0.7594729136163982 0.02306640625 0.10752562225475841
8 0.321728515625 0.7192093704245974 0.02591796875 0.06799414348462664
8 0.353017578125 0.778814055636896 0.026962890625 0.11399707174231333
8 0.334111328125 0.7814787701317716 0.026259765625 0.11932650073206442
8 0.35599609375 0.7210688140556369 0.0173046875 0.06
8 0.368544921875 0.6685212298682285 0.013095703125 0.050073206442166916
8 0.357919921875 0.6640849194729136 0.01236328125 0.05437774524158126
11 0.286640625 0.7428989751098096 0.018232421875 0.04216691068814056
11 0.325927734375 0.71402635431918 0.01505859375 0.025651537335285503
11 0.33580078125 0.7611420204978038 0.021591796875 0.039150805270863835
1 0.32578125 0.7826500732064421 0.005263671875 0.010951683748169839
11 0.352119140625 0.7608784773060029 0.020986328125 0.04338213762811127
11 0.356259765625 0.7223865300146413 0.016591796875 0.03919472913616398
11 0.368984375 0.6733967789165447 0.011435546875 0.031449487554904836
11 0.35845703125 0.6683748169838946 0.012021484375 0.02774524158125915
11 0.398359375 0.6677452415812591 0.0173828125 0.02964860907759883
10 0.403369140625 0.5283308931185945 0.005390625 0.024187408491947292
10 0.412080078125 0.5223718887262079 0.005810546875 0.01793557833089312
10 0.406923828125 0.5145095168374817 0.004853515625 0.027686676427525623