0 0.41304347826086957 0.310641627543036 0.8130434782608695 0.48043818466353677
11 0.3877608695652174 0.32446009389671365 0.27617391304347827 0.31852895148669796
11 0.41389130434782606 0.36323943661971836 0.29943478260869566 0.21524256651017212
6 0.3441086956521739 0.13588419405320815 0.08258695652173914 0.042222222222222223
5 0.36643478260869566 0.07863849765258216 0.11758695652173914 0.049467918622848196
1 0.43393478260869567 0.47874804381846636 0.08830434782608695 0.07070422535211268
1 0.5786521739130435 0.5004381846635367 0.058913043478260874 0.041032863849765254
1 0.22584782608695653 0.47028169014084503 0.06236956521739131 0.05748043818466353
11 0.47897826086956524 0.22475743348982785 0.1107608695652174 0.10660406885759
5 0.46780434782608693 0.14929577464788732 0.04976086956521739 0.020391236306729264
8 0.4940869565217391 0.20892018779342722 0.13132608695652173 0.1500625978090767
8 0.5589565217391305 0.39704225352112676 0.09680434782608696 0.24460093896713617
8 0.3605217391304348 0.44151799687010956 0.3376304347826087 0.7821909233176839