0 0.329525 0.38053333333333333 0.30903749999999997 0.3544
10 0.8864 0.50755 0.026924999999999998 0.05883333333333333
10 0.7339749999999999 0.5622666666666667 0.036125 0.09955
10 0.7256125 0.5008666666666667 0.0194125 0.057999999999999996
10 0.6209749999999999 0.4933 0.022625000000000003 0.0616
10 0.5390999999999999 0.49165000000000003 0.022949999999999998 0.05623333333333334
7 0.6923625 0.51495 0.031025 0.05071666666666667
5 0.6881125 0.4696666666666667 0.016274999999999998 0.020583333333333332
8 0.6868875 0.5147333333333333 0.059125 0.11696666666666668
10 0.26966249999999997 0.6826 0.07 0.18813333333333332
10 0.2187125 0.6609 0.0571625 0.1697
10 0.18053750000000002 0.6259666666666667 0.0558 0.14153333333333334
10 0.1764 0.5798333333333333 0.0522375 0.13051666666666667
10 0.189375 0.4933666666666666 0.02505 0.06171666666666667
10 0.160025 0.4998666666666667 0.02415 0.06431666666666667
10 0.1250625 0.5073 0.013612500000000001 0.05625
10 0.1302125 0.5808333333333333 0.039525000000000005 0.1096
10 0.1135125 0.5512666666666667 0.023325 0.09834999999999999
10 0.09210000000000002 0.53315 0.028937499999999998 0.09128333333333334
17 0.0169125 0.4287 0.0338125 0.034499999999999996
9 0.024300000000000002 0.3627833333333333 0.046337500000000004 0.02685
17 0.0930625 0.3732333333333333 0.050199999999999995 0.018283333333333335
17 0.1285875 0.42253333333333337 0.0145125 0.023283333333333333
17 0.1968375 0.4275666666666667 0.03755 0.03333333333333333
20 0.1510125 0.4206166666666667 0.031475 0.03481666666666667
20 0.2649125 0.4404166666666667 0.0448625 0.050050000000000004
20 0.28328749999999997 0.4400333333333333 0.0652625 0.06341666666666666
3 0.41465 0.5448333333333333 0.053375000000000006 0.143