0 0.48974609375 0.5501165501165501 0.2509765625 0.3076923076923077
24 0.270146484375 0.5656177156177157 0.4979296875 0.6151048951048951
2 0.49208984375 0.5770629370629371 0.00353515625 0.004941724941724942
11 0.493212890625 0.5947086247086247 0.00578125 0.02041958041958042
8 0.493359375 0.6020745920745921 0.0094921875 0.056130536130536125
20 0.499091796875 0.5948951048951049 0.0351171875 0.04762237762237762
13 0.54267578125 0.5706759906759906 0.036826171875 0.03881118881118881
13 0.5941015625 0.5946386946386947 0.045927734375 0.04827505827505828
13 0.6483203125 0.5862470862470862 0.027421875 0.054778554778554776
13 0.668037109375 0.5898834498834499 0.03462890625 0.05624708624708624
13 0.695830078125 0.5863636363636364 0.036005859375 0.06666666666666667
13 0.72728515625 0.5901398601398601 0.0466796875 0.06487179487179487
13 0.777587890625 0.5793473193473193 0.034482421875 0.0899067599067599
13 0.79388671875 0.5915617715617716 0.033759765625 0.07487179487179486
13 0.81908203125 0.5951515151515151 0.02861328125 0.06675990675990676
19 0.8415234375 0.5991841491841492 0.051025390625 0.07016317016317017
21 0.891259765625 0.6117249417249417 0.061630859375 0.0941025641025641
19 0.926416015625 0.5914219114219115 0.0284375 0.07214452214452215
19 0.954501953125 0.600932400932401 0.0308984375 0.07013986013986014
18 0.974658203125 0.6177855477855477 0.05068359375 0.11202797202797203