0 0.875625 0.4335548172757475 0.09625 0.15282392026578073
0 0.79515 0.5990531561461794 0.1925 0.18106312292358803
10 0.533225 0.7440697674418605 0.0159625 0.06568106312292359
16 0.02625 0.4459302325581395 0.0401875 0.06392026578073089
10 0.788575 0.46461794019933556 0.00485 0.018687707641196014
11 0.731275 0.4886212624584717 0.007112500000000001 0.021129568106312294
2 0.7333 0.47340531561461796 0.00475 0.006146179401993356
8 0.7330249999999999 0.49275747508305645 0.0106 0.0448671096345515
2 0.41493749999999996 0.43825581395348834 0.0057125000000000006 0.004933554817275748
2 0.4089125 0.4425747508305648 0.0054 0.007458471760797342
11 0.4154625 0.45074750830564786 0.00625 0.012292358803986712
11 0.408275 0.45621262458471756 0.0081875 0.019136212624584717
8 0.407725 0.45714285714285713 0.0086375 0.03729235880398671
8 0.4174 0.4571760797342193 0.0111375 0.04345514950166113