2 0.18561333333333335 0.34764999999999996 0.02326 0.02816
2 0.25959333333333334 0.35247 0.019786666666666668 0.019219999999999998
2 0.3200266666666667 0.34738 0.01018 0.01475
2 0.30426666666666663 0.33393 0.023420000000000003 0.027870000000000002
2 0.3086333333333333 0.36055000000000004 0.04072 0.03539
2 0.39276666666666665 0.34911000000000003 0.02205333333333333 0.0225
2 0.44254 0.35619999999999996 0.042826666666666666 0.03811
2 0.4866133333333333 0.36456 0.014780000000000001 0.01768
2 0.4989266666666667 0.36501 0.0156 0.01716
2 0.5291066666666666 0.35827 0.02929333333333333 0.027960000000000002
2 0.5694600000000001 0.33282 0.02238 0.02136
2 0.6075333333333333 0.3085 0.035673333333333335 0.03843
2 0.59782 0.36136 0.06100666666666667 0.067
2 0.6582933333333334 0.38527999999999996 0.01814 0.02198
2 0.67916 0.37489999999999996 0.010693333333333332 0.00875
11 0.6767333333333333 0.39704 0.012153333333333334 0.02671
1 0.6632466666666667 0.4803 0.013260000000000001 0.02059
1 0.63342 0.53572 0.012546666666666666 0.03671
1 0.5965533333333334 0.66914 0.02708666666666667 0.07407
1 0.55476 0.51555 0.009613333333333333 0.02689
1 0.4935133333333333 0.45187 0.0064133333333333325 0.01005
1 0.49444666666666665 0.45223 0.007579999999999999 0.01183
1 0.21955999999999998 0.39100999999999997 0.03816 0.02939
1 0.3463866666666667 0.45363 0.009006666666666666 0.016739999999999998
1 0.3427066666666666 0.54208 0.01638 0.03257
1 0.3655933333333333 0.47614999999999996 0.010933333333333333 0.02284
1 0.6802466666666667 0.47251 0.012166666666666666 0.019760000000000003
1 0.68442 0.4716 0.00928 0.019
1 0.7092466666666666 0.44994 0.011219999999999999 0.0241
1 0.7207333333333332 0.44880000000000003 0.022253333333333337 0.0176
1 0.8337466666666666 0.42054 0.016 0.013720000000000001
1 0.78898 0.50954 0.010686666666666667 0.0254
1 0.8257133333333333 0.4753 0.015373333333333333 0.02112
1 0.8327266666666666 0.48542 0.01256 0.01506
1 0.8785799999999999 0.53931 0.010933333333333333 0.03125
1 0.8795599999999999 0.5392899999999999 0.019913333333333335 0.0291
1 0.8777600000000001 0.54296 0.0114 0.03013
2 0.6941133333333334 0.37325 0.02315333333333333 0.02287
2 0.7337533333333334 0.35508 0.027886666666666667 0.02561
2 0.7921666666666667 0.36901 0.02108 0.02256
2 0.8340599999999999 0.37672000000000005 0.019406666666666666 0.02163
2 0.8847933333333333 0.37174 0.03422 0.026199999999999998
2 0.9189200000000001 0.38071 0.03579333333333333 0.03597
11 0.91818 0.50671 0.07067999999999999 0.14161
11 0.8828733333333333 0.45274000000000003 0.05582666666666666 0.10457999999999999
11 0.8347066666666666 0.45348 0.05404666666666666 0.08788
11 0.7935066666666667 0.45039999999999997 0.028613333333333334 0.09899
11 0.7375933333333334 0.44351 0.05254 0.1052
11 0.6980533333333333 0.44223 0.04254666666666667 0.09081
11 0.6639133333333334 0.44464 0.03184666666666667 0.07747
11 0.5639000000000001 0.40457 0.031219999999999998 0.07642
11 0.5000533333333333 0.42591 0.03442666666666667 0.06818
11 0.48600666666666664 0.41951 0.007553333333333334 0.052649999999999995
11 0.4179533333333333 0.42306 0.016286666666666668 0.02158
11 0.3921333333333334 0.42202 0.05495333333333334 0.08768000000000001
11 0.33441333333333334 0.41631999999999997 0.017733333333333334 0.08538
11 0.30395333333333335 0.40948 0.05193333333333334 0.0635
11 0.26413333333333333 0.41457 0.03592 0.07733
11 0.3035133333333333 0.46329000000000004 0.06923333333333333 0.13658
11 0.44538000000000005 0.471 0.07659333333333333 0.15109
11 0.53442 0.43851999999999997 0.06255333333333334 0.09703
11 0.6285266666666667 0.41499 0.043313333333333336 0.12498999999999999
11 0.5909866666666667 0.54623 0.08379333333333333 0.23246
6 0.18502666666666667 0.36929 0.0068066666666666675 0.01585
11 0.17354666666666665 0.41397 0.04748 0.09065999999999999
6 0.26067999999999997 0.37741 0.012053333333333333 0.01208
6 0.31421333333333334 0.39567 0.018513333333333333 0.0177
6 0.39303999999999994 0.37595 0.012520000000000002 0.0128
6 0.43188000000000004 0.39793 0.007166666666666667 0.01858
6 0.4863666666666666 0.38375 0.0064466666666666665 0.00933
6 0.4991 0.38437 0.009486666666666668 0.00875
6 0.5280733333333334 0.38664 0.016526666666666665 0.01419
2 0.51794 0.37981 0.005359999999999999 0.01599
6 0.5683266666666666 0.35719999999999996 0.012186666666666667 0.01167
6 0.5756600000000001 0.41091 0.006246666666666666 0.02637
6 0.6574333333333333 0.40516 0.007973333333333334 0.0094
6 0.6940866666666667 0.39918 0.01218 0.011789999999999998
6 0.7335866666666667 0.38361 0.017246666666666667 0.01267
4 0.7952 0.39155 0.0071466666666666675 0.019469999999999998
6 0.8345266666666666 0.40113 0.014286666666666666 0.01317
6 0.87906 0.40208999999999995 0.01244 0.01509
6 0.91234 0.41487999999999997 0.013546666666666667 0.018850000000000002
8 0.9113 0.51074 0.08601333333333334 0.29784
8 0.8842933333333334 0.50104 0.052 0.28572000000000003
8 0.8329133333333333 0.48984 0.05650666666666667 0.24877000000000002
8 0.805 0.48951999999999996 0.06493333333333334 0.26449
8 0.7337266666666666 0.48556 0.05874 0.2884
8 0.67926 0.3897 0.016479999999999998 0.03939
8 0.6949200000000001 0.47947 0.047793333333333334 0.23621
8 0.66264 0.47326 0.03320666666666667 0.20197
8 0.62254 0.50413 0.06311333333333334 0.42951999999999996
8 0.5636733333333334 0.39349 0.03371333333333333 0.14573
8 0.5336466666666667 0.49665 0.07282 0.30829
8 0.49971333333333334 0.45068 0.03579333333333333 0.1901
8 0.49024 0.44122 0.022680000000000002 0.17244
8 0.44566 0.53779 0.08101333333333333 0.40432999999999997
8 0.3887733333333333 0.46135000000000004 0.05974666666666667 0.25019
8 0.33301333333333333 0.42712 0.03488666666666666 0.17673
8 0.3094133333333333 0.38727 0.06685333333333333 0.14078
8 0.2611266666666667 0.42917 0.04360666666666666 0.1771
8 0.18370666666666666 0.43701999999999996 0.05878 0.20779
8 0.27815333333333336 0.52835 0.15266666666666667 0.37294
8 0.5926133333333333 0.6353300000000001 0.08417999999999999 0.62338