7 0.048846153846153845 0.3275 0.09771634615384615 0.2550721153846154
7 0.12379807692307693 0.32336538461538467 0.07194711538461539 0.22495192307692308
7 0.190625 0.3319471153846154 0.054831730769230765 0.1984375
7 0.25038461538461537 0.3140384615384615 0.08036057692307692 0.15165865384615385
7 0.35283653846153845 0.35091346153846154 0.1039423076923077 0.18173076923076922
7 0.5583173076923077 0.34680288461538467 0.1411778846153846 0.29367788461538463
7 0.7806971153846154 0.3488701923076923 0.1379326923076923 0.304375
1 0.9860576923076922 0.49151442307692306 0.02639423076923077 0.017115384615384616
1 0.8157211538461537 0.4659134615384615 0.03973557692307693 0.07516826923076923
1 0.6872355769230769 0.3499278846153846 0.040624999999999994 0.08798076923076924
1 0.2175721153846154 0.9463461538461538 0.078125 0.10730769230769231
1 0.1403125 0.9376201923076923 0.07572115384615384 0.12478365384615384
11 0.1088701923076923 0.6012740384615385 0.2177403846153846 0.20822115384615386
11 0.3539182692307692 0.709951923076923 0.15115384615384617 0.42120192307692306
4 0.43713942307692305 0.6029807692307693 0.014639423076923076 0.04120192307692308
2 0.45153846153846156 0.5532451923076923 0.04125 0.061899038461538464
2 0.5942788461538462 0.5382692307692307 0.07105769230769231 0.08658653846153846
11 0.5511538461538461 0.7891346153846153 0.17932692307692305 0.29985576923076923
10 0.5865144230769231 0.920264423076923 0.06427884615384614 0.15947115384615385
8 0.45252403846153844 0.6821875000000001 0.0498076923076923 0.32415865384615383
8 0.5504326923076923 0.7491346153846153 0.18439903846153843 0.5017548076923076
8 0.30141826923076925 0.7496634615384615 0.24584134615384615 0.5006490384615385
8 0.11016826923076922 0.7491346153846153 0.22033653846153844 0.5017548076923076
8 0.34942307692307695 0.3245432692307692 0.11456730769230769 0.2623076923076923
8 0.9847836538461539 0.43911057692307687 0.030408653846153846 0.1220673076923077
8 0.7595192307692307 0.2893269230769231 0.2048798076923077 0.4235096153846154
8 0.5555528846153847 0.2767307692307692 0.2208653846153846 0.43764423076923076
4 0.6342307692307692 0.2204326923076923 0.06137019230769231 0.0715625
4 0.8190865384615384 0.18122596153846154 0.04644230769230769 0.04776442307692308
4 0.06942307692307692 0.1798076923076923 0.055 0.04278846153846154
4 0.1433173076923077 0.20338942307692306 0.04110576923076924 0.04617788461538462
4 0.17677884615384618 0.22576923076923078 0.02057692307692308 0.045072115384615384
4 0.21358173076923076 0.23266826923076925 0.033004807692307694 0.03483173076923077
4 0.26096153846153847 0.22879807692307694 0.03600961538461538 0.03146634615384615
4 0.3615625 0.2532932692307692 0.03612980769230769 0.03675480769230769
5 0.3764423076923077 0.20252403846153846 0.039663461538461536 0.022620192307692306
5 0.26264423076923077 0.1747596153846154 0.04588942307692308 0.021730769230769227
5 0.2121875 0.17713942307692307 0.04331730769230769 0.022115384615384613
5 0.14379807692307692 0.13427884615384617 0.05298076923076923 0.03254807692307692
5 0.06475961538461539 0.10697115384615384 0.06098557692307693 0.030384615384615385