2 0.25467999999999996 0.22928 0.029926666666666667 0.034570000000000004
2 0.3627266666666667 0.32575 0.02112666666666667 0.036840000000000005
2 0.42728666666666665 0.4706 0.01957333333333333 0.03186
2 0.34443999999999997 0.44185 0.021886666666666665 0.03703
6 0.26558666666666664 0.25424 0.014400000000000001 0.01116
1 0.30768 0.29285 0.009706666666666667 0.023030000000000002
1 0.26138 0.3499 0.009553333333333334 0.02647
1 0.34972000000000003 0.38912 0.012006666666666667 0.01291
1 0.39280000000000004 0.37239 0.010166666666666666 0.015439999999999999
1 0.4110533333333334 0.52524 0.0057866666666666665 0.00782
1 0.35002 0.51603 0.013493333333333333 0.0254
1 0.3803733333333333 0.47206 0.007526666666666666 0.01078
1 0.45164000000000004 0.49826 0.008726666666666667 0.01652
1 0.4891 0.65358 0.0036533333333333335 0.00715
2 0.47773333333333334 0.6597000000000001 0.018353333333333333 0.02941
2 0.539 0.67243 0.01575333333333333 0.02947
11 0.5337866666666666 0.6797300000000001 0.03456666666666667 0.051770000000000004
11 0.42352 0.4839 0.03146 0.05318
11 0.35078666666666664 0.45733999999999997 0.050620000000000005 0.07392
11 0.36206000000000005 0.34913 0.04136666666666666 0.06979
11 0.2725933333333333 0.28111 0.06449333333333333 0.09761
8 0.2804333333333333 0.31168 0.0817 0.19951
8 0.3679133333333333 0.38180000000000003 0.06025333333333333 0.14976
8 0.3648 0.47829 0.07914666666666667 0.1158
8 0.4289533333333333 0.50315 0.05310666666666666 0.094
8 0.47617333333333334 0.67734 0.030613333333333336 0.07775
8 0.5340533333333334 0.69325 0.03663333333333334 0.07958