2 0.8480288461538461 0.2835576923076923 0.08079326923076922 0.06915865384615384
8 0.2658173076923077 0.8382451923076922 0.3002644230769231 0.3234855769230769
11 0.6331971153846154 0.4778846153846154 0.060625 0.13502403846153846
4 0.6109375 0.4019230769230769 0.018701923076923078 0.03461538461538462
4 0.8629326923076923 0.3646394230769231 0.028149038461538465 0.04591346153846154
4 0.07271634615384616 0.30514423076923075 0.02197115384615385 0.021346153846153848
4 0.09903846153846155 0.28283653846153844 0.024134615384615383 0.017572115384615384
4 0.31548076923076923 0.2714903846153846 0.024326923076923076 0.021346153846153848
4 0.190625 0.3353846153846154 0.022187500000000002 0.021730769230769227
4 0.30170673076923077 0.4053605769230769 0.030408653846153846 0.029447115384615384
4 0.5026201923076923 0.2976201923076923 0.033221153846153845 0.027908653846153843
5 0.48093749999999996 0.14338942307692307 0.018677884615384614 0.0103125
5 0.37699519230769235 0.15533653846153847 0.015120192307692308 0.010216346153846154
5 0.07375 0.23475961538461537 0.016802884615384615 0.015216346153846153
5 0.061875 0.23012019230769232 0.014687500000000001 0.013125
5 0.09423076923076924 0.24826923076923077 0.03612980769230769 0.02778846153846154
5 0.016874999999999998 0.23560096153846155 0.023269230769230768 0.016874999999999998
5 0.057115384615384616 0.27447115384615384 0.04122596153846154 0.027307692307692307
5 0.18266826923076923 0.3004807692307692 0.05432692307692308 0.04084134615384615
5 0.17302884615384617 0.2360096153846154 0.023028846153846153 0.020120192307692304
5 0.20665865384615384 0.22805288461538462 0.02987980769230769 0.02329326923076923
5 0.3163221153846154 0.2215625 0.04764423076923077 0.03449519230769231
5 0.29646634615384615 0.34485576923076927 0.0776201923076923 0.0575
5 0.5054086538461539 0.24098557692307693 0.06762019230769231 0.04925480769230769
7 0.5153846153846154 0.3652403846153846 0.07076923076923078 0.12233173076923078
7 0.48163461538461544 0.17293269230769232 0.022451923076923078 0.028557692307692308
7 0.3798076923076923 0.18865384615384617 0.025552884615384616 0.031177884615384618
7 0.3448798076923077 0.3283894230769231 0.061466346153846156 0.10389423076923077
7 0.26298076923076924 0.5010096153846153 0.08278846153846153 0.17507211538461537
7 0.22288461538461538 0.30197115384615386 0.04586538461538461 0.07990384615384616
7 0.17048076923076924 0.40117788461538456 0.05158653846153846 0.12927884615384616
7 0.18451923076923077 0.2750721153846154 0.031586538461538465 0.021274038461538462
7 0.0996875 0.3376923076923077 0.05185096153846154 0.07923076923076923
7 0.05134615384615385 0.35899038461538463 0.05134615384615385 0.08576923076923076
7 0.031802884615384615 0.2597836538461538 0.019423076923076925 0.021947115384615388
8 0.00810096153846154 0.3027163461538462 0.01620192307692308 0.163125
8 0.014831730769230769 0.2458894230769231 0.01918269230769231 0.05189903846153846
8 0.029399038461538463 0.270625 0.026658653846153846 0.036466346153846155
8 0.0642548076923077 0.4586538461538462 0.08915865384615386 0.4004567307692308
8 0.059807692307692305 0.2316105769230769 0.010528846153846154 0.023341346153846157
8 0.07103365384615384 0.23310096153846155 0.01620192307692308 0.02391826923076923
8 0.10836538461538461 0.4292788461538462 0.0691826923076923 0.39221153846153844
8 0.16427884615384616 0.47930288461538456 0.08730769230769231 0.39612980769230766
8 0.17704326923076924 0.25177884615384616 0.052716346153846155 0.04923076923076923
8 0.23151442307692308 0.2751442307692308 0.07992788461538461 0.12483173076923076
8 0.2896153846153846 0.49403846153846154 0.15528846153846151 0.3654567307692308
8 0.34925480769230766 0.3163221153846154 0.1183173076923077 0.22879807692307694
8 0.38 0.21019230769230768 0.03076923076923077 0.12228365384615383
8 0.4863942307692308 0.1805528846153846 0.0271875 0.08944711538461539
8 0.5201201923076924 0.34850961538461533 0.12346153846153846 0.26430288461538465
8 0.6412740384615384 0.5069230769230769 0.07973557692307692 0.33836538461538457
8 0.8327403846153847 0.45625000000000004 0.1669951923076923 0.4389423076923077
2 0.6218269230769231 0.3550480769230769 0.03841346153846154 0.04903846153846154
11 0.8303125 0.5065144230769231 0.11887019230769232 0.2533894230769231