8 0.7224250000000001 0.2975 0.052750000000000005 0.3081
8 0.7814749999999999 0.2633 0.046925 0.28315
8 0.606725 0.57175 0.30177499999999996 0.8565
8 0.3226 0.57285 0.298775 0.85435
8 0.11967499999999999 0.53585 0.22114999999999999 0.92825
6 0.1646 0.2691 0.063175 0.0947
5 0.147975 0.102 0.09297499999999999 0.08664999999999999
5 0.381075 0.22644999999999998 0.146125 0.15285
5 0.6135 0.20934999999999998 0.134875 0.14045
5 0.713475 0.15425 0.013125 0.02155
5 0.780175 0.13195 0.016075 0.02045
7 0.781875 0.19820000000000002 0.0347 0.0877
7 0.71525 0.2465 0.031875 0.1104
7 0.6035499999999999 0.77825 0.19760000000000003 0.4435
7 0.341525 0.79675 0.221375 0.4065
7 0.12425000000000001 0.61475 0.16725 0.5991
4 0.39027500000000004 0.49335 0.13192500000000001 0.22579999999999997
4 0.641375 0.44395 0.10805 0.18785