6 0.054725 0.0537 0.042675 0.04423333333333333
6 0.111525 0.015199999999999998 0.037875 0.026866666666666667
4 0.2862 0.07696666666666667 0.059675000000000006 0.05566666666666666
4 0.5025999999999999 0.14546666666666666 0.064775 0.0348
4 0.858075 0.08993333333333334 0.04415 0.04303333333333333
4 0.859725 0.2064 0.0547 0.04786666666666666
4 0.9389749999999999 0.3539 0.074375 0.05516666666666667
4 0.9739249999999999 0.6600666666666667 0.05215 0.056966666666666665
4 0.5820000000000001 0.8368666666666666 0.081425 0.07023333333333333
4 0.36822499999999997 0.9453666666666667 0.0723 0.06966666666666667
4 0.152925 0.7354666666666666 0.044375 0.044533333333333334
4 0.09672499999999999 0.8070666666666667 0.074075 0.06326666666666667
4 0.024775000000000002 0.8992333333333332 0.048600000000000004 0.09843333333333333
6 0.071775 0.4929 0.061 0.04543333333333333
4 0.043125 0.361 0.06425 0.055799999999999995
4 0.243975 0.2704666666666667 0.060325 0.06026666666666666
4 0.48619999999999997 0.27786666666666665 0.068775 0.053566666666666665
4 0.50615 0.43956666666666666 0.05835 0.05763333333333333
4 0.252425 0.5117333333333334 0.051275 0.0656
4 0.518325 0.7566999999999999 0.054125 0.05726666666666667
4 0.6598999999999999 0.5038666666666667 0.0478 0.049833333333333334
4 0.677675 0.27626666666666666 0.05965 0.0613
4 0.7772249999999999 0.2759 0.069275 0.07106666666666667
5 0.934275 0.26366666666666666 0.086 0.08523333333333333
5 0.8614 0.029333333333333336 0.063925 0.041133333333333334
5 0.85265 0.13520000000000001 0.0622 0.0458
5 0.7752249999999999 0.18656666666666666 0.0732 0.05386666666666667
5 0.678025 0.19343333333333335 0.07352500000000001 0.05003333333333333
5 0.96735 0.5508333333333333 0.0653 0.09116666666666667
5 0.654125 0.4135 0.07832499999999999 0.08316666666666667
5 0.525775 0.6611 0.08477499999999999 0.0801
5 0.5938 0.7390333333333333 0.0998 0.07106666666666667
5 0.5141 0.07593333333333334 0.082475 0.06413333333333333
5 0.29095 0.013166666666666667 0.067775 0.0263
5 0.2443 0.18213333333333334 0.06922500000000001 0.058966666666666674
5 0.017025 0.23676666666666668 0.03405 0.05246666666666667
5 0.0378 0.286 0.06675 0.05266666666666667
5 0.082975 0.4063333333333334 0.1018 0.07579999999999999
5 0.09065 0.7036666666666667 0.08035 0.049466666666666666
5 0.137025 0.6442666666666667 0.046775000000000004 0.04643333333333333
5 0.026375000000000003 0.7783666666666667 0.0518 0.07953333333333333
5 0.2796 0.41386666666666666 0.089825 0.06283333333333334
5 0.50095 0.3518 0.071975 0.057966666666666666
5 0.499825 0.19226666666666667 0.085525 0.06873333333333334
7 0.055725 0.19196666666666667 0.11047499999999999 0.2541333333333333
7 0.1333 0.13043333333333335 0.118275 0.21176666666666666
7 0.294325 0.2209666666666667 0.14295 0.24893333333333337
7 0.555775 0.2192 0.047400000000000005 0.13666666666666666
7 0.3669 0.05526666666666666 0.0802 0.11056666666666667
7 0.5312250000000001 0.07013333333333333 0.12992499999999998 0.13676666666666668
7 0.67765 0.0902 0.120125 0.1769
7 0.982475 0.09016666666666667 0.03505 0.17333333333333334
7 0.8577750000000001 0.2970333333333333 0.090875 0.13446666666666668
7 0.9259000000000001 0.5008 0.1482 0.2577333333333333
7 0.9377500000000001 0.8237000000000001 0.12452500000000001 0.35263333333333335
7 0.7814749999999999 0.48146666666666665 0.1725 0.33136666666666664
7 0.642275 0.3565333333333333 0.09147500000000001 0.11309999999999999
7 0.6744249999999999 0.7009666666666666 0.15839999999999999 0.3282333333333333
7 0.602275 0.9368333333333334 0.190425 0.1263
7 0.49329999999999996 0.8484333333333334 0.0909 0.15653333333333333
7 0.38337499999999997 0.9842 0.15262499999999998 0.031566666666666666
7 0.29635 0.7062333333333334 0.12332499999999999 0.32123333333333337
7 0.0842 0.6235666666666666 0.16215 0.22956666666666667
7 0.17434999999999998 0.7985666666666666 0.08195000000000001 0.06733333333333333
7 0.127225 0.9078333333333334 0.14295 0.18433333333333332
7 0.048150000000000005 0.9701666666666667 0.09532500000000001 0.05963333333333334
5 0.37705 0.8448666666666667 0.0742 0.058133333333333335
8 0.36975 0.0969 0.09380000000000001 0.19030000000000002
8 0.21817499999999998 0.07263333333333333 0.074825 0.14176666666666668
8 0.30215 0.19286666666666666 0.208575 0.3822666666666667
8 0.13449999999999998 0.1589 0.13119999999999998 0.3178
8 0.07425 0.19163333333333335 0.147525 0.3832666666666667
8 0.017875000000000002 0.29006666666666664 0.035725 0.17313333333333333
8 0.041100000000000005 0.399 0.082225 0.2717333333333333
8 0.11737500000000001 0.5858666666666666 0.2285 0.4348666666666667
8 0.18175 0.8114 0.16255 0.3772
8 0.15164999999999998 0.8386 0.215475 0.32280000000000003
8 0.056875 0.8675333333333333 0.112775 0.26489999999999997
8 0.241875 0.35573333333333335 0.20385 0.41673333333333334
8 0.282575 0.6877333333333333 0.21945 0.6245666666666667
8 0.37534999999999996 0.9061333333333332 0.19182500000000002 0.18773333333333334
8 0.605375 0.8526333333333334 0.2756 0.29473333333333335
8 0.49825 0.7807666666666666 0.1508 0.31943333333333335
8 0.480675 0.5406666666666666 0.199875 0.4392
8 0.478425 0.38670000000000004 0.224325 0.47163333333333335
8 0.50695 0.19563333333333333 0.18925 0.3070333333333333
8 0.51745 0.10329999999999999 0.199725 0.20659999999999998
8 0.679875 0.1311 0.193 0.2622
8 0.668125 0.32393333333333335 0.16422499999999998 0.30396666666666666
8 0.6781999999999999 0.6851 0.2291 0.6298333333333332
8 0.8759 0.75 0.2482 0.5
8 0.9013249999999999 0.43310000000000004 0.19735 0.42060000000000003
8 0.784125 0.5642333333333334 0.1857 0.8196666666666667
8 0.856225 0.24086666666666667 0.116725 0.2677
8 0.800375 0.07203333333333334 0.068225 0.14403333333333335
8 0.8553000000000001 0.12693333333333331 0.143825 0.23983333333333334
8 0.9352750000000001 0.045733333333333334 0.03275 0.09143333333333334
8 0.9686750000000001 0.12866666666666668 0.062675 0.2573