10 0.6652100000000001 0.61132 0.087535 0.14815
10 0.410295 0.34672000000000003 0.1330075 0.24448000000000003
10 0.73988 0.2843733333333333 0.14333 0.2616066666666667
10 0.4748 0.7329766666666666 0.0572425 0.11419333333333333
10 0.58463 0.8408066666666667 0.0337475 0.07643333333333334
10 0.5673674999999999 0.8854666666666667 0.027197500000000003 0.07236333333333334
10 0.6046575000000001 0.80423 0.03696 0.08599666666666667
10 0.5861725 0.9276366666666667 0.02807 0.08406333333333334
10 0.467625 0.83864 0.0396525 0.07398333333333333
10 0.6193925 0.73428 0.0582675 0.11138666666666668
10 0.462625 0.6145466666666667 0.077485 0.15535666666666667
10 0.48318 0.8779566666666666 0.02794 0.06257666666666667
10 0.49975 0.9228933333333332 0.023579999999999997 0.07578666666666667
10 0.5049175 0.9453299999999999 0.021415 0.07065666666666667