6 0.5081562500000001 0.5979583333333333 0.132546875 0.109125
6 0.336125 0.35089583333333335 0.020265625000000002 0.017770833333333333
6 0.006984374999999999 0.4411875 0.013984374999999999 0.038625
5 0.009828125 0.36929166666666663 0.019640625000000002 0.044125
5 0.17781249999999998 0.2674375 0.02915625 0.024479166666666666
5 0.333984375 0.31333333333333335 0.03421875 0.025979166666666668
5 0.499015625 0.28862499999999996 0.18717187500000002 0.13977083333333334
8 0.6194843750000001 0.32914583333333336 0.0583125 0.1061875
8 0.339109375 0.4354166666666667 0.125171875 0.273625
8 0.18467187499999999 0.38960416666666664 0.0793125 0.2826666666666667
8 0.041390625 0.4763958333333333 0.082796875 0.25833333333333336
8 0.515109375 0.6102500000000001 0.58134375 0.7795208333333333
7 0.52125 0.8107708333333333 0.356640625 0.37847916666666664
7 0.025453125 0.5127291666666667 0.05090625 0.101875
7 0.18015625 0.4031666666666667 0.059859375000000006 0.15354166666666666
7 0.34146875 0.3681875 0.059578125 0.05235416666666667
4 0.17384375000000002 0.3028125 0.023828125 0.01883333333333333