5 0.1199375 0.20630555555555555 0.071640625 0.07925
2 0.284125 0.19544444444444445 0.08529687500000001 0.09330555555555556
2 0.54909375 0.11380555555555555 0.083984375 0.09269444444444444
2 0.8200312500000001 0.13483333333333333 0.092375 0.09508333333333333
6 0.816640625 0.2475 0.049859375 0.050555555555555555
6 0.5489531249999999 0.23116666666666666 0.052453125 0.057583333333333334
6 0.30065624999999996 0.32352777777777775 0.053625 0.05577777777777777
6 0.11937500000000001 0.32213888888888886 0.045953125 0.053
11 0.10882812500000001 0.45883333333333337 0.1655 0.34625
7 0.29121874999999997 0.46761111111111114 0.112890625 0.26858333333333334
11 0.5550312500000001 0.44255555555555554 0.19184375 0.4208611111111111
7 0.825015625 0.4697777777777778 0.164828125 0.42763888888888885
8 0.7888437500000001 0.5436388888888889 0.293375 0.9126944444444445
8 0.535921875 0.5337222222222222 0.28531249999999997 0.9325277777777777
8 0.30546875 0.5674722222222222 0.22171875000000002 0.8650833333333333
8 0.10118750000000001 0.5813611111111111 0.19709375 0.8373055555555555
1 0.28096875 0.6649166666666667 0.070046875 0.12747222222222224
1 0.324359375 0.6631388888888888 0.049671875 0.13583333333333333