2 0.85053125 0.32116666666666666 0.13715624999999998 0.16762962962962963
2 0.40171874999999996 0.4369444444444444 0.1356875 0.17383333333333334
11 0.8748020833333333 0.7727037037037037 0.2503958333333333 0.45461111111111113
2 0.6119166666666668 0.07959259259259259 0.130375 0.1524074074074074
2 0.15331250000000002 0.08285185185185186 0.11509375 0.1497222222222222
11 0.619125 0.5465185185185185 0.24664583333333334 0.5992037037037037
11 0.41812499999999997 0.840537037037037 0.2636458333333333 0.31892592592592595
11 0.15577083333333333 0.5276296296296297 0.21578125 0.4832592592592592
6 0.15852083333333333 0.2434259259259259 0.07776041666666668 0.07120370370370371
6 0.40041666666666664 0.6288703703703703 0.07312500000000001 0.07668518518518518
6 0.6148958333333333 0.24359259259259258 0.07847916666666667 0.0797962962962963
6 0.8407916666666666 0.5151111111111112 0.07657291666666667 0.09196296296296295
8 0.80403125 0.6203703703703703 0.3919375 0.7592592592592593
8 0.62103125 0.5020555555555556 0.354625 0.9958888888888888
8 0.37843750000000004 0.676962962962963 0.30232291666666666 0.6460925925925926
8 0.15519791666666669 0.5051481481481481 0.2725 0.9897037037037038