8 0.17410416666666667 0.576572972972973 0.29411805555555554 0.8468432432432433
8 0.3827152777777778 0.5952432432432433 0.15115277777777777 0.5886702702702703
8 0.46574999999999994 0.32592432432432433 0.03250694444444445 0.08968648648648649
8 0.3766597222222222 0.33435675675675675 0.014041666666666666 0.056097297297297295
7 0.37575000000000003 0.34690810810810807 0.014534722222222221 0.030745945945945947
7 0.4691458333333334 0.34402162162162164 0.013833333333333335 0.03218378378378378
5 0.4650138888888889 0.28847567567567567 0.02408333333333333 0.02558918918918919
5 0.3752430555555556 0.32263783783783784 0.015840277777777776 0.018248648648648648
5 0.0998125 0.1856648648648649 0.13164583333333332 0.09024864864864865
5 0.4159791666666667 0.33881081081081077 0.08573611111111111 0.07941621621621621
5 0.4804375 0.4122594594594594 0.10122916666666668 0.0893837837837838
5 0.6241875 0.2952756756756757 0.029930555555555557 0.031989189189189186
5 0.6293263888888889 0.40033513513513513 0.0911388888888889 0.07994594594594595
5 0.7006249999999999 0.27035675675675674 0.02770833333333333 0.025394594594594592
5 0.803375 0.18174054054054056 0.14756944444444445 0.14725405405405406
5 0.8991319444444444 0.36181621621621624 0.02888888888888889 0.03534054054054054
5 0.8731319444444444 0.3434702702702703 0.03013888888888889 0.0563027027027027
5 0.9247222222222221 0.34924324324324324 0.03378472222222222 0.028205405405405407
4 0.9212916666666667 0.3868108108108108 0.015347222222222224 0.020464864864864863
4 0.7036388888888889 0.317145945945946 0.02448611111111111 0.03608648648648649
4 0.7544930555555556 0.3597945945945946 0.09379166666666666 0.15741621621621624
4 0.620638888888889 0.33634594594594597 0.020520833333333335 0.02404324324324324
4 0.6372638888888889 0.4883351351351351 0.056090277777777774 0.07937297297297298
4 0.4029166666666667 0.43224864864864865 0.05729861111111111 0.08611891891891892
4 0.08843055555555555 0.37151351351351347 0.11119444444444444 0.1304108108108108
4 0.4524236111111111 0.5280648648648648 0.07529166666666667 0.10838918918918919
7 0.17076388888888888 0.6935783783783783 0.22956944444444444 0.6051675675675675
7 0.3688819444444445 0.6486054054054055 0.10034027777777778 0.3602810810810811
7 0.4522361111111111 0.796627027027027 0.19760416666666666 0.39325405405405406
7 0.6108888888888888 0.7180756756756757 0.14454166666666665 0.4019027027027027
7 0.8005277777777777 0.6972972972972973 0.2877013888888889 0.6054054054054054
7 0.6888333333333333 0.3864540540540541 0.034229166666666665 0.06660540540540541
7 0.9504097222222222 0.4131027027027027 0.02496527777777778 0.0370054054054054