4 0.21246874999999998 0.13542222222222222 0.02834375 0.05232222222222223
4 0.39700625 0.09794444444444445 0.03491875 0.04404444444444444
4 0.74355 0.17843333333333333 0.01966875 0.045755555555555556
4 0.59750625 0.17824444444444443 0.03175 0.045366666666666666
5 0.15678124999999998 0.08846666666666667 0.00863125 0.013977777777777778
5 0.20270624999999998 0.08891111111111111 0.04215 0.03338888888888889
5 0.39923125 0.041466666666666666 0.04769375 0.04591111111111111
5 0.5960562500000001 0.1230111111111111 0.04551875 0.03861111111111111
5 0.7739437499999999 0.10243333333333333 0.061706250000000004 0.05301111111111111
7 0.15516875 0.11973333333333334 0.015825 0.03947777777777778
7 0.20208749999999998 0.26283333333333336 0.09090625 0.19234444444444446
7 0.3906 0.27290000000000003 0.08668125 0.27542222222222223
7 0.59974375 0.312 0.08830624999999999 0.2129
7 0.8008375 0.3416888888888889 0.10508125 0.3241222222222222
8 0.8520749999999999 0.5661777777777778 0.242975 0.7434555555555555
5 0.84876875 0.23703333333333335 0.03843125 0.055544444444444445
8 0.8157062500000001 0.5370333333333334 0.31189374999999997 0.9259222222222223
1 0.6049125 0.4132 0.019481250000000002 0.037511111111111106
1 0.5880937500000001 0.4096111111111111 0.021256249999999997 0.045144444444444445
1 0.387025 0.3326777777777778 0.029537499999999998 0.04683333333333333
1 0.38506250000000003 0.34509999999999996 0.03395 0.07167777777777778
1 0.22103750000000003 0.4067222222222222 0.026725 0.04836666666666667
1 0.18541875000000002 0.3949777777777778 0.03049375 0.05661111111111111
8 0.15613749999999998 0.12875555555555554 0.02191875 0.09824444444444444
8 0.19870000000000002 0.3893444444444445 0.11538125 0.6453666666666668
8 0.38278125 0.3523222222222222 0.13146875 0.6750111111111111
8 0.61150625 0.41242222222222225 0.13058125 0.6211333333333333