4 0.4031666666666667 0.5364427083333333 0.15591666666666665 0.08677604166666668
4 0.15462962962962962 0.48948958333333337 0.07860185185185185 0.06579166666666666
4 0.24102777777777779 0.4310625 0.08472222222222223 0.07046354166666666
4 0.7153796296296296 0.4760260416666667 0.1445462962962963 0.05275
4 0.8808703703703704 0.4659739583333333 0.1668888888888889 0.06041666666666667
5 0.6986018518518519 0.5871302083333333 0.13567592592592592 0.028421875
5 0.6886759259259259 0.3827760416666666 0.23927777777777778 0.07805729166666667
5 0.8781388888888889 0.35718229166666665 0.19845370370370372 0.07894791666666667
5 0.3445462962962963 0.42247395833333334 0.2423796296296296 0.08105729166666667
5 0.27021296296296293 0.346921875 0.11839814814814816 0.06189583333333334
5 0.09772222222222222 0.3569375 0.19543518518518518 0.074984375
8 0.09784259259259259 0.4707395833333334 0.19341666666666665 0.29911979166666663
8 0.2371759259259259 0.384375 0.13874999999999998 0.13680729166666666
8 0.2977592592592592 0.5531979166666667 0.59325 0.34597916666666667
8 0.6918148148148148 0.4090260416666667 0.2393796296296296 0.14790625000000002
8 0.7166203703703704 0.5189791666666667 0.5667685185185185 0.409484375