11 0.163265625 0.2878611111111111 0.0328203125 0.07359722222222223
2 0.278921875 0.19006944444444443 0.0163515625 0.02795833333333333
6 0.2756328125 0.20227777777777775 0.0080859375 0.017652777777777778
6 0.1730625 0.24569444444444447 0.01109375 0.013194444444444444
2 0.1706484375 0.22830555555555554 0.022453124999999997 0.021083333333333332
1 0.190109375 0.33425 0.0078046875 0.016708333333333332
1 0.2809375 0.24620833333333333 0.0051328125 0.008180555555555555
1 0.26677343750000004 0.2548333333333333 0.0072109375 0.014180555555555557
11 0.254171875 0.22279166666666667 0.033109375 0.06495833333333334
2 0.7499921875 0.10177777777777777 0.0171484375 0.03313888888888889
2 0.659890625 0.10520833333333333 0.019375 0.03173611111111111
11 0.7475078125 0.14431944444444444 0.0231484375 0.06040277777777778
11 0.6815859375 0.16880555555555557 0.050937500000000004 0.09287500000000001
1 0.6463281249999999 0.21644444444444444 0.012515624999999999 0.03348611111111111
8 0.745671875 0.16280555555555556 0.03553125 0.15745833333333334
8 0.6846875 0.2308888888888889 0.0904140625 0.28430555555555553
8 0.261046875 0.2528611111111111 0.0512890625 0.1584861111111111
8 0.18115625 0.3307777777777778 0.0694609375 0.2279027777777778