4 0.60884375 0.37270833333333336 0.0807109375 0.19581944444444446
0 0.147953125 0.36174999999999996 0.2958984375 0.7234999999999999
4 0.9126484375 0.27015277777777774 0.049921875 0.16134722222222223
2 0.9189296875 0.10488888888888888 0.15623437499999998 0.18348611111111113
2 0.57521875 0.20906944444444445 0.1560390625 0.28073611111111113
2 0.414375 0.5334583333333333 0.14266406250000002 0.2673055555555556
11 0.41870312500000006 0.6267916666666667 0.39015625 0.23968055555555554
11 0.8009765625 0.508638888888889 0.393546875 0.5867083333333334
11 0.9365859375 0.5258055555555555 0.1268203125 0.4663055555555556
8 0.9204062499999999 0.3830972222222222 0.15918749999999998 0.7483194444444444
8 0.7479765625 0.43256944444444445 0.5040546875 0.7361666666666666
8 0.411390625 0.5978611111111111 0.409015625 0.4040694444444445
4 0.40859375 0.6779861111111111 0.060843749999999995 0.04336111111111111