1 0.41331249999999997 0.16555555555555557 0.0323046875 0.058875000000000004
1 0.3850234375 0.19084722222222222 0.0272890625 0.05391666666666667
1 0.3749296875 0.3769027777777778 0.0211640625 0.042680555555555555
1 0.3452890625 0.30233333333333334 0.0150078125 0.05188888888888889
22 0.5711796875 0.5046111111111111 0.07615625000000001 0.14255555555555555
20 0.6510625 0.49644444444444447 0.0921875 0.079
11 0.5068984375000001 0.4834861111111111 0.09290625 0.2697361111111111
11 0.3791875 0.4515277777777778 0.053117187499999996 0.16972222222222222
2 0.49673437500000006 0.2725416666666666 0.049148437499999996 0.0756388888888889
2 0.3928203125 0.3123888888888889 0.020999999999999998 0.041430555555555554
8 0.37267968749999997 0.5415555555555556 0.07134375 0.5303333333333333
8 0.4686640625 0.559875 0.1961328125 0.8558611111111112