3 0.45739843750000003 0.42851388888888886 0.14388281249999998 0.8570277777777777
11 0.4156015625 0.010611111111111111 0.0373203125 0.021222222222222222
8 0.4148515625 0.07309722222222223 0.10489062499999999 0.14619444444444446
11 0.1860390625 0.4553333333333333 0.0938203125 0.3112638888888889
11 0.5598359375 0.5412777777777779 0.1448671875 0.2038888888888889
2 0.44649218749999997 0.4833888888888889 0.0629140625 0.12468055555555554
2 0.22088281250000003 0.23405555555555557 0.07221875 0.10116666666666667
6 0.2185546875 0.3094166666666667 0.02315625 0.03258333333333333
6 0.4748984375 0.5353888888888889 0.0185703125 0.03129166666666667
8 0.536203125 0.6405972222222223 0.2450390625 0.4371805555555555
8 0.2000078125 0.51925 0.1123046875 0.6773888888888889