8 0.0296875 0.5235092592592593 0.0454375 0.13340740740740742
11 0.03295833333333333 0.49800000000000005 0.03109375 0.05337962962962963
2 0.03521875 0.46531481481481485 0.012744791666666666 0.01199074074074074
11 0.6606458333333334 0.41535185185185186 0.013302083333333332 0.02727777777777778
2 0.662171875 0.39385185185185184 0.005140624999999999 0.008490740740740741
8 0.6625208333333333 0.4297222222222222 0.018119791666666666 0.07961111111111112
8 0.3129427083333333 0.28947222222222224 0.0052656249999999995 0.02338888888888889
15 0.3189166666666667 0.2918888888888889 0.057942708333333336 0.09555555555555556
23 0.3468333333333333 0.3170462962962963 0.021546875 0.034555555555555555
23 0.38325000000000004 0.3377777777777778 0.043604166666666666 0.06792592592592593
11 0.32603125 0.32663888888888887 0.006640625 0.01787037037037037
8 0.326125 0.33479629629629626 0.007223958333333333 0.04976851851851852
13 0.50978125 0.5387777777777778 0.15459375 0.30162962962962964
8 0.5940937500000001 0.6395462962962963 0.03835416666666667 0.08728703703703704
0 0.6077239583333333 0.49212962962962964 0.5271822916666667 0.8546296296296296
10 0.0445625 0.5556018518518518 0.005442708333333333 0.04049074074074074
15 0.20447395833333332 0.23682407407407408 0.01819270833333333 0.037148148148148145
23 0.264796875 0.2155 0.008390625 0.01487962962962963
23 0.24665625 0.20612962962962963 0.00453125 0.00812037037037037
23 0.24538541666666666 0.21825 0.009036458333333334 0.013851851851851853
23 0.24641145833333333 0.23334259259259257 0.012932291666666667 0.016805555555555553
23 0.25647395833333336 0.23975925925925926 0.012833333333333334 0.020925925925925928
23 0.2666510416666667 0.25171296296296297 0.0145 0.02085185185185185
23 0.281390625 0.24466666666666667 0.013041666666666667 0.01712037037037037