22 0.79578125 0.5562222222222223 0.210359375 0.15536111111111112
20 0.9475703125000001 0.5543055555555556 0.10485156250000001 0.09344444444444444
1 0.556359375 0.2922083333333333 0.018445312499999998 0.036430555555555556
1 0.59034375 0.2942916666666667 0.0210703125 0.05322222222222222
1 0.63025 0.19854166666666664 0.032703125 0.04618055555555556
1 0.5825234375 0.22279166666666667 0.0366796875 0.018819444444444444
2 0.6444062500000001 0.32625 0.056757812500000004 0.0990138888888889
6 0.615328125 0.3620555555555556 0.01990625 0.06248611111111112
2 0.5660546875 0.35744444444444445 0.0278984375 0.04820833333333333
11 0.5706640625 0.48168055555555556 0.052734375 0.1679027777777778
11 0.6189921875 0.5454861111111111 0.10678125000000001 0.28794444444444445
8 0.62053125 0.5915416666666667 0.11270312499999999 0.8169166666666666
8 0.57365625 0.5495833333333333 0.075765625 0.5612916666666666