4 0.41515625 0.23336111111111113 0.02515625 0.036166666666666666
4 0.389484375 0.23969444444444446 0.011554687499999999 0.011791666666666667
4 0.31153125 0.3249444444444445 0.024921875 0.05268055555555556
4 0.13946875 0.23458333333333334 0.0245546875 0.03166666666666667
2 0.138375 0.19475 0.034078125 0.049222222222222216
2 0.2172421875 0.18991666666666668 0.034265625 0.04881944444444444
2 0.313046875 0.27958333333333335 0.043578125 0.06841666666666667
2 0.48539843749999995 0.26483333333333337 0.0419375 0.07131944444444445
2 0.41674218749999997 0.18097222222222223 0.03353125 0.049444444444444444
2 0.392140625 0.20770833333333336 0.0233828125 0.042722222222222224
11 0.4168984375 0.2779722222222222 0.07810937500000001 0.07909722222222222
11 0.544328125 0.3840833333333334 0.081671875 0.19872222222222224
11 0.251625 0.38640277777777776 0.09521874999999999 0.18716666666666665
11 0.2122421875 0.3317361111111111 0.0854609375 0.16579166666666667
11 0.1316171875 0.3146527777777778 0.0817734375 0.15941666666666668
8 0.13025 0.38798611111111114 0.097265625 0.438
8 0.2137890625 0.3977083333333334 0.0872578125 0.46904166666666663
8 0.26272656250000004 0.4763194444444444 0.144765625 0.46652777777777776
8 0.377578125 0.25552777777777774 0.0476484375 0.13375
8 0.40786718750000006 0.23994444444444443 0.10171875 0.17202777777777778
8 0.5253515625 0.43404166666666666 0.12053906249999999 0.41205555555555556