20 0.71084375 0.5663750000000001 0.0246640625 0.030888888888888886
9 0.91796875 0.5304444444444445 0.08041406250000001 0.08402777777777778
9 0.9931328125000001 0.5261944444444444 0.013726562500000001 0.06165277777777778
14 0.9735390625000001 0.5260277777777778 0.031828125 0.1523611111111111
1 0.9772734375000001 0.4330833333333333 0.0193359375 0.04672222222222222
1 0.95828125 0.43125 0.014343749999999999 0.03997222222222222
11 0.969265625 0.32543055555555556 0.06146875 0.14315277777777777
6 0.956515625 0.2715694444444444 0.013398437499999999 0.03079166666666667
2 0.9471718750000001 0.23450000000000001 0.034648437500000004 0.058499999999999996
8 0.9651406250000001 0.32933333333333337 0.06971875 0.25125000000000003
17 0.5845234375 0.5778333333333333 0.0215859375 0.027444444444444445
19 0.6040390625 0.568625 0.028765625 0.04002777777777778
19 0.5143359375000001 0.5910833333333333 0.14984375 0.13195833333333334
9 0.32515625 0.55975 0.010070312500000001 0.03615277777777778
9 0.354453125 0.5760833333333333 0.06685156249999999 0.07418055555555556
17 0.3933046875 0.5901944444444445 0.0099375 0.03615277777777778
16 0.4180703125 0.5849027777777778 0.0390390625 0.048