8 0.6515677083333333 0.6631296296296296 0.016151041666666668 0.027787037037037037
11 0.6547135416666666 0.6654166666666667 0.008015625 0.01925
15 0.6353697916666667 0.680962962962963 0.15827083333333333 0.2835833333333333
18 0.8160364583333333 0.28588888888888886 0.11092708333333333 0.14276851851851852
23 0.72078125 0.3178333333333333 0.089765625 0.06274074074074075
23 0.642046875 0.30686111111111114 0.08203645833333333 0.05701851851851852
23 0.37558854166666666 0.3124351851851852 0.06083854166666667 0.0519537037037037
23 0.4162135416666667 0.3171203703703704 0.07958333333333334 0.06132407407407408
12 0.15043229166666666 0.26685185185185184 0.24853645833333332 0.10547222222222222
15 0.3944947916666666 0.4001944444444444 0.0589375 0.09089814814814814
0 0.49814583333333334 0.39708333333333334 0.41686979166666666 0.42644444444444446
11 0.09583333333333334 0.3220092592592592 0.013703125 0.035555555555555556
8 0.09517708333333334 0.3257037037037037 0.016109375 0.0674074074074074
8 0.10280208333333334 0.3618240740740741 0.01425 0.019944444444444445
11 0.10318229166666668 0.3653611111111111 0.012989583333333334 0.012851851851851852
2 0.09678125 0.2979537037037037 0.007046874999999999 0.009268518518518518
2 0.10553125000000001 0.35547222222222224 0.006307291666666667 0.006574074074074073
2 0.15045833333333333 0.34976851851851853 0.006229166666666667 0.00825
2 0.17862499999999998 0.3207777777777778 0.007411458333333333 0.009277777777777777
7 0.20055208333333333 0.36058333333333337 0.012854166666666667 0.03531481481481481
5 0.20009375000000001 0.32952777777777775 0.007567708333333333 0.008916666666666668
8 0.19763020833333333 0.3592037037037037 0.019385416666666665 0.06892592592592592
11 0.17561458333333332 0.3446944444444444 0.016380208333333333 0.030722222222222224
11 0.15869270833333332 0.3622592592592593 0.011817708333333335 0.018805555555555555
8 0.15774479166666666 0.3593148148148148 0.019776041666666667 0.026935185185185184
8 0.174375 0.34575925925925927 0.019255208333333333 0.06287962962962963
11 0.19083854166666667 0.37815740740740744 0.008265625 0.014583333333333334
8 0.19013541666666667 0.3713425925925926 0.010234374999999999 0.029962962962962962