11 0.411296875 0.023930555555555556 0.054328125000000005 0.047875
8 0.4009296875 0.08609722222222223 0.132921875 0.17219444444444446
6 0.218734375 0.33040277777777777 0.020765625 0.03181944444444444
6 0.501671875 0.6212916666666667 0.0129765625 0.03026388888888889
2 0.21909375 0.25729166666666664 0.06946875 0.10387500000000001
2 0.47232031250000006 0.577388888888889 0.061421875 0.13693055555555556
11 0.5666796875 0.5816388888888888 0.1396484375 0.19502777777777777
11 0.1823671875 0.47445833333333337 0.09423437500000001 0.3179722222222222
8 0.1882578125 0.5306527777777778 0.103375 0.6525833333333334
8 0.5520859375 0.6693888888888888 0.214953125 0.37448611111111113
3 0.46857812499999996 0.42880555555555555 0.148390625 0.8576111111111111