2 0.45490624999999996 0.27493055555555557 0.042921875 0.07763888888888888
2 0.28718750000000004 0.26122222222222224 0.053468749999999995 0.05816666666666667
2 0.3365703125 0.36704166666666665 0.0160703125 0.035680555555555556
20 0.0217421875 0.42436111111111113 0.031507812499999996 0.07493055555555556
23 0.0095703125 0.4424166666666667 0.0160859375 0.09118055555555557
2 0.631828125 0.45688888888888884 0.021765625 0.03679166666666667
2 0.7464453125 0.29131944444444446 0.014390625 0.023111111111111114
1 0.74503125 0.4168888888888889 0.0115625 0.028236111111111108
1 0.6421953125 0.57125 0.0090078125 0.01947222222222222
2 0.49725 0.47744444444444445 0.0160078125 0.030291666666666665
7 0.48376562500000003 0.5060972222222222 0.0158125 0.04790277777777778
7 0.6324687499999999 0.5078333333333334 0.0364296875 0.07120833333333333
7 0.75915625 0.3650277777777778 0.026414062500000002 0.08718055555555557
7 0.428640625 0.4108611111111111 0.061812500000000006 0.1629861111111111
7 0.3246484375 0.415875 0.0123125 0.03811111111111111
8 0.4897578125 0.49480555555555555 0.03003125 0.0650138888888889
8 0.62934375 0.5105 0.059203125 0.14401388888888889
8 0.75240625 0.41380555555555554 0.0352421875 0.26016666666666666
6 0.7439296875 0.32158333333333333 0.0093671875 0.016180555555555556
6 0.6316015625 0.4914861111111111 0.0101484375 0.014722222222222222
6 0.4468515625 0.3265 0.0201171875 0.02601388888888889
6 0.2877109375 0.32643055555555556 0.0299609375 0.033805555555555554
8 0.43728125 0.5097222222222222 0.0880390625 0.5511944444444444
8 0.3317421875 0.40293055555555557 0.0242734375 0.10745833333333334
8 0.27468750000000003 0.5260972222222222 0.10882031249999999 0.5958333333333333
1 0.32209374999999996 0.5377222222222222 0.0155 0.06354166666666666
1 0.23543750000000002 0.5532916666666666 0.0213984375 0.06193055555555556
11 0.2688671875 0.4383472222222222 0.10387500000000001 0.23383333333333337