15 0.733171875 0.9071944444444444 0.112125 0.1856111111111111
15 0.37692187499999996 0.5840555555555556 0.703265625 0.818111111111111
8 0.2657421875 0.5916388888888889 0.0164453125 0.051486111111111114
11 0.26564062499999996 0.5948194444444445 0.0147890625 0.02998611111111111
11 0.8225859375000001 0.4947916666666667 0.021249999999999998 0.04776388888888889
11 0.9891953125 0.5166111111111111 0.021617187500000003 0.03322222222222222
11 0.95765625 0.5415138888888889 0.0245546875 0.04055555555555555
2 0.9823906250000001 0.5310972222222222 0.010624999999999999 0.017583333333333333
2 0.9688437499999999 0.5160694444444445 0.01075 0.016138888888888887
2 0.8340703125 0.46281944444444445 0.008609374999999999 0.012541666666666666
8 0.8248359375 0.5027916666666666 0.0316171875 0.09425
1 0.9723828125 0.5347361111111111 0.0035937499999999997 0.007513888888888889
8 0.9855937499999999 0.5278472222222222 0.0288125 0.05675
8 0.9534375 0.5418611111111111 0.041015625 0.06733333333333333
2 0.881875 0.155 0.01146875 0.012263888888888888
11 0.8745703125000001 0.18448611111111113 0.018421874999999997 0.03875
8 0.8739062499999999 0.2050138888888889 0.027875 0.11384722222222222