10 0.2814609375 0.24259722222222221 0.009218750000000001 0.042138888888888885
20 0.055546874999999996 0.19759722222222223 0.0448984375 0.06601388888888889
19 0.396109375 0.23963888888888887 0.11664062500000001 0.16677777777777777
22 0.6233515625 0.21902777777777777 0.24456250000000002 0.2422083333333333
22 0.86146875 0.24513888888888888 0.2770546875 0.24443055555555557
20 0.9149843750000001 0.5415833333333333 0.17002343749999999 0.6345555555555555
1 0.160984375 0.3179722222222222 0.013578125 0.017902777777777778
11 0.20421874999999998 0.24854166666666666 0.073484375 0.15956944444444446
2 0.20671875 0.12597222222222224 0.0363046875 0.06998611111111111
6 0.206578125 0.173625 0.0235234375 0.017625
8 0.203953125 0.33069444444444446 0.102640625 0.48501388888888886