8 0.41946874999999995 0.48244444444444445 0.070671875 0.2023888888888889
8 0.5654453125 0.4760972222222222 0.0670625 0.21309722222222224
23 0.9196249999999999 0.6398472222222222 0.16075 0.32413888888888887
8 0.887546875 0.7130277777777778 0.037929687499999996 0.12790277777777778
6 0.8879296875 0.6970277777777778 0.008828125000000001 0.014652777777777778
2 0.893328125 0.6675555555555556 0.0265625 0.03695833333333333
7 0.4068203125 0.4378888888888888 0.025507812499999998 0.04504166666666667
7 0.5767187500000001 0.4324166666666666 0.029031249999999998 0.058638888888888886
2 0.40932812500000004 0.3936944444444444 0.0187421875 0.023805555555555555
6 0.4129296875 0.41205555555555556 0.0050390625 0.007833333333333333
6 0.56984375 0.4013888888888889 0.0038906250000000004 0.007930555555555555
2 0.574296875 0.38102777777777774 0.0191171875 0.021319444444444443
3 0.7053828125 0.5557361111111111 0.11079687499999999 0.4938194444444445
3 0.70175 0.6547638888888889 0.0676875 0.2915555555555555