3 0.167828125 0.4196666666666667 0.165203125 0.8393333333333334
8 0.4478671875 0.6326111111111111 0.11072656249999999 0.4457777777777778
8 0.317234375 0.6579305555555556 0.124015625 0.30594444444444446
8 0.2756171875 0.5675416666666666 0.0787265625 0.2977916666666667
1 0.3085546875 0.5965 0.0110703125 0.03613888888888889
7 0.2855078125 0.5229166666666667 0.04034375 0.0948611111111111
7 0.348765625 0.6132361111111111 0.04553125 0.08431944444444445
7 0.42482031249999996 0.5934861111111112 0.059781249999999994 0.17554166666666668
6 0.28024218749999996 0.47531944444444446 0.017875 0.016013888888888887
6 0.324640625 0.5602777777777778 0.0083203125 0.011083333333333334
6 0.455015625 0.4975555555555556 0.0163203125 0.029416666666666667
2 0.2779453125 0.43694444444444447 0.0298203125 0.035666666666666666
2 0.3326484375 0.5327777777777778 0.0399609375 0.054125
2 0.44621875 0.43998611111111113 0.059375 0.06133333333333333