2 0.4954921875 0.21193055555555557 0.0526640625 0.09845833333333333
2 0.6066640624999999 0.14430555555555558 0.06296093750000001 0.08225
6 0.5995468749999999 0.2262222222222222 0.019703125 0.03180555555555555
6 0.48324999999999996 0.2788888888888889 0.0147890625 0.030000000000000002
1 0.446640625 0.5013333333333333 0.035312500000000004 0.04236111111111111
1 0.49705468750000004 0.4914583333333334 0.026765624999999998 0.03847222222222222
1 0.597046875 0.5355555555555556 0.034796875 0.06316666666666666
11 0.44958593750000003 0.3884166666666667 0.10816406249999999 0.27681944444444445
11 0.6507968749999999 0.3661944444444445 0.1088125 0.29588888888888887
8 0.6412578124999999 0.5107222222222223 0.134375 0.8190694444444445
8 0.4520625 0.5023888888888889 0.13767968749999998 0.6912916666666666