1 0.592859375 0.5045138888888889 0.033523437499999996 0.06061111111111111
1 0.4878671875 0.4513333333333333 0.030539062500000002 0.033388888888888885
1 0.43117968749999996 0.462125 0.0265390625 0.040263888888888884
2 0.6158046875000001 0.1324722222222222 0.06491406250000001 0.09665277777777778
2 0.4729453125 0.18661111111111112 0.0576796875 0.08727777777777779
11 0.43792187499999996 0.36540277777777774 0.0970078125 0.2569444444444444
11 0.643734375 0.35056944444444443 0.0996328125 0.2893611111111111
6 0.46898437499999995 0.262875 0.027960937499999998 0.031375
6 0.608703125 0.21081944444444442 0.02384375 0.03422222222222222
8 0.6335 0.4696666666666667 0.1179921875 0.7782361111111111
8 0.44065624999999997 0.49909722222222225 0.1229375 0.7120833333333334