23 0.25540625 0.5659305555555556 0.031109375 0.028111111111111108
23 0.32115625 0.5444583333333333 0.028109375 0.023680555555555555
23 0.2942734375 0.5560555555555555 0.025960937499999996 0.021319444444444443
15 0.5611015625 0.5317083333333333 0.0263984375 0.02886111111111111
23 0.5342578125 0.5428472222222223 0.02865625 0.026333333333333334
15 0.9908046875000001 0.5625555555555556 0.018390625 0.050055555555555555
23 0.9205390625 0.48791666666666667 0.013328125 0.013402777777777779
1 0.5815859375 0.6734027777777778 0.0072265625 0.021444444444444443
6 0.591171875 0.5928888888888889 0.0073671875 0.010013888888888888
2 0.5921875 0.5747083333333334 0.016710937500000002 0.030500000000000003
8 0.5845546875000001 0.6642777777777777 0.032695312500000004 0.20963888888888887
7 0.45836718750000005 0.5622083333333333 0.021984375 0.05205555555555555
2 0.4572890625 0.5223194444444444 0.01353125 0.018958333333333334
8 0.4569453125 0.6017916666666667 0.033937499999999995 0.18079166666666666