1 0.4662265625 0.4870555555555556 0.029945312499999998 0.049861111111111106
1 0.3991953125 0.42965277777777783 0.027984375 0.031013888888888886
1 0.34428125 0.4418611111111111 0.0374765625 0.03777777777777778
6 0.48238281250000004 0.21463888888888888 0.011125 0.040388888888888884
6 0.3553828125 0.25654166666666667 0.025578125 0.02822222222222222
2 0.35625 0.18269444444444444 0.054304687500000004 0.06994444444444445
2 0.489171875 0.1509861111111111 0.05878124999999999 0.08986111111111111
11 0.508984375 0.3582638888888889 0.096984375 0.2746111111111111
11 0.3399375 0.3644861111111111 0.095546875 0.2314861111111111
8 0.5146875 0.4824305555555556 0.1272421875 0.7565277777777778
8 0.3490546875 0.4541527777777778 0.12565625 0.6138611111111112