2 0.17053125 0.22834722222222223 0.0223359375 0.020930555555555556
2 0.276203125 0.18683333333333335 0.0159140625 0.026430555555555558
2 0.7504921875 0.10152777777777777 0.018187500000000002 0.03158333333333333
2 0.6689375 0.08911111111111111 0.022078125 0.027180555555555555
11 0.7471640625 0.1472638888888889 0.0232734375 0.058402777777777776
11 0.6794140625 0.16541666666666666 0.047921875 0.09645833333333334
1 0.6545156249999999 0.2512361111111111 0.0108125 0.02851388888888889
1 0.7253046875 0.14879166666666666 0.0098125 0.014583333333333334
1 0.7242265625 0.114 0.0104765625 0.021402777777777778
1 0.27132812500000003 0.24981944444444446 0.00615625 0.013527777777777777
1 0.264046875 0.2556111111111111 0.0072343749999999995 0.016444444444444446
1 0.191046875 0.3333055555555555 0.007718750000000001 0.02077777777777778
11 0.1625625 0.2878194444444444 0.0308125 0.07218055555555555
11 0.249984375 0.22075 0.04159375 0.06304166666666666
8 0.256671875 0.2513472222222222 0.055960937499999995 0.15720833333333334
8 0.1809296875 0.3302083333333333 0.0675625 0.22811111111111113
8 0.69075 0.227125 0.0793828125 0.30147222222222225
8 0.7428515625000001 0.1635138888888889 0.045734375 0.1560277777777778