3 0.964265625 0.8196111111111111 0.07146875 0.07356944444444444
20 0.5975078125 0.50425 0.0922265625 0.07666666666666667
22 0.4564375 0.5137222222222222 0.19928125000000002 0.12341666666666666
2 0.34762499999999996 0.3217083333333333 0.02853125 0.04240277777777778
2 0.5076015625 0.28380555555555553 0.0530390625 0.06759722222222223
1 0.53171875 0.19055555555555553 0.025984374999999997 0.04523611111111111
1 0.4564296875 0.19718055555555555 0.047281250000000004 0.033263888888888885
1 0.32999999999999996 0.24758333333333332 0.014593749999999999 0.033041666666666664
1 0.281703125 0.42795833333333333 0.0174296875 0.030166666666666665
11 0.330625 0.4504444444444444 0.0627109375 0.1483611111111111
11 0.501265625 0.4932916666666667 0.10001562500000001 0.26184722222222223
6 0.3418046875 0.35925 0.0232421875 0.024055555555555556
8 0.4928671875 0.5665694444444445 0.12571875 0.7998194444444444
8 0.3195234375 0.5178055555555555 0.089796875 0.5757222222222222