2 0.7788515625 0.9771805555555556 0.036078125 0.04563888888888889
1 0.7478046875000001 0.6892083333333333 0.013257812499999999 0.022263888888888892
1 0.7640859375 0.6376388888888889 0.01625 0.02330555555555556
6 0.7471484375 0.6125555555555556 0.009156250000000001 0.026708333333333334
2 0.7330390625 0.6027361111111111 0.0177734375 0.04375
2 0.310640625 0.19905555555555554 0.026000000000000002 0.033041666666666664
2 0.58771875 0.230375 0.025468750000000002 0.038125
11 0.7710234375 0.6429305555555556 0.0503515625 0.11640277777777779
8 0.7606484375 0.7197083333333334 0.0717890625 0.27968055555555554
1 0.5665312499999999 0.35181944444444446 0.0140234375 0.038375
1 0.602640625 0.3562916666666666 0.008125 0.034805555555555555
11 0.5806953125 0.30040277777777774 0.0353203125 0.08554166666666667
6 0.5870078125 0.260375 0.0104453125 0.013819444444444443
8 0.580671875 0.3477638888888889 0.05090625 0.27608333333333335
1 0.32921875 0.3579444444444445 0.009796875 0.031375
1 0.306015625 0.33093055555555556 0.01528125 0.028930555555555553
6 0.309609375 0.2306388888888889 0.01075 0.01584722222222222
11 0.3062890625 0.28504166666666664 0.0392734375 0.11472222222222221
8 0.3055 0.3236527777777778 0.056921875 0.2827222222222222