13 0.767578125 0.32156481481481486 0.18635416666666668 0.1513611111111111
23 0.5964583333333333 0.13685185185185186 0.022963541666666667 0.029694444444444443
23 0.5717916666666666 0.1362685185185185 0.024489583333333335 0.026351851851851852
23 0.5471822916666667 0.13190740740740742 0.023755208333333333 0.031712962962962964
23 0.5233489583333334 0.1293425925925926 0.02469270833333333 0.027814814814814813
23 0.4890625 0.1256759259259259 0.026203125 0.028203703703703703
23 0.4637760416666667 0.12415740740740741 0.02355208333333333 0.027953703703703706
23 0.44009375 0.12280555555555556 0.024880208333333334 0.027564814814814813
23 0.41534895833333335 0.12072222222222222 0.024869791666666665 0.027083333333333334
23 0.3949947916666667 0.11862037037037039 0.024526041666666668 0.027046296296296297
23 0.375390625 0.11642592592592592 0.023864583333333335 0.02637037037037037
23 0.35928125000000005 0.11461111111111111 0.023932291666666668 0.028296296296296295
23 0.3396822916666667 0.11439814814814815 0.02796875 0.02787962962962963
23 0.31790625 0.11212962962962962 0.027046875 0.02887962962962963
23 0.19325 0.08357407407407408 0.029109375 0.027324074074074077
23 0.2445625 0.0324537037037037 0.011848958333333333 0.014240740740740741
23 0.23201041666666666 0.03562037037037037 0.012697916666666666 0.015685185185185187
23 0.22419791666666666 0.037361111111111116 0.015536458333333333 0.015675925925925926
23 0.21567187499999999 0.039185185185185184 0.015390625 0.01374074074074074
23 0.20681770833333332 0.04212962962962963 0.013015625 0.01473148148148148
23 0.19386979166666668 0.04477777777777778 0.020526041666666665 0.01687037037037037
23 0.12982291666666665 0.06154629629629629 0.04405729166666667 0.040018518518518516
23 0.10141145833333334 0.06832407407407408 0.04735416666666667 0.044592592592592586
23 0.082453125 0.07342592592592592 0.0469375 0.0405
14 0.30175 0.19896296296296295 0.00525 0.023703703703703706
10 0.78228125 0.1751388888888889 0.012322916666666666 0.0069166666666666664
8 0.39771354166666667 0.486462962962963 0.010677083333333334 0.03702777777777778
13 0.4750260416666666 0.46392592592592596 0.10360416666666666 0.23554629629629628
0 0.43193750000000003 0.4232592592592593 0.5504166666666667 0.7215185185185186